Running data/segmentation.data.new.txt Experiment with k nearest = 1
Average Error Rate: 0.049783549783549784
Standard Deviation: 0.009284679908886241

Selected Condensed Data Points for Last Cross Validation:
[ [216.0, 151.0, 9.0, 0.0, 0.0, 0.16666667, 0.27888670000000004, 0.11111113, 0.17213261, 0.11111111, 0.0, 0.33333334, 0.0, -0.33333334, 0.6666667, -0.33333334, 0.33333334, 0.22222222, -2.0943952, 'WINDOW'],
  [86.0, 140.0, 9.0, 0.0, 0.0, 5.444444, 4.7687263, 3.0555556, 2.6784467999999997, 9.925925999999999, 6.0, 15.111111, 8.666667, -11.777778, 15.555554999999998, -3.7777777, 15.111111, 0.627944, -2.417818, 'FOLIAGE'],
  [14.0, 60.0, 9.0, 0.0, 0.0, 0.55555505, 0.78518444, 1.0555553, 0.06296298, 19.333334, 18.88889, 24.777779000000002, 14.333332999999998, -1.3333334, 16.333334, -15.0, 24.777779000000002, 0.41924807, -1.6233917, 'BRICKFACE'],
  [90.0, 111.0, 9.0, 0.0, 0.0, 1.6666666, 1.4666656, 1.333333, 1.0222224, 18.62963, 19.777779000000002, 22.222220999999998, 13.888889, 3.4444443999999996, 10.777778, -14.222222, 22.222220999999998, 0.37431172, -1.3337921999999998, 'BRICKFACE'],
  [72.0, 32.0, 9.0, 0.11111111, 0.11111111, 3.9444447, 2.7032225, 2.277778, 1.9710876, 56.370369999999994, 48.555557, 72.77778, 47.77778, -23.444445, 49.22222, -25.777779000000002, 72.77778, 0.3444093, -2.060607, 'CEMENT'],
  [138.0, 144.0, 9.0, 0.0, 0.0, 0.8888889000000001, 0.86066306, 0.27777779999999996, 0.53402734, 0.6666667, 0.5555555999999999, 1.0, 0.44444445, -0.33333334, 1.0, -0.6666667, 1.0, 0.37037036, -1.9042695, 'WINDOW'],
  [64.0, 176.0, 9.0, 0.0, 0.0, 2.3333328, 0.91893756, 1.0000006, 0.91893756, 50.77778, 46.0, 62.33333199999999, 44.0, -14.333332999999998, 34.666668, -20.333334, 62.33333199999999, 0.29405567, -1.9808796999999998, 'PATH'],
  [225.0, 244.0, 9.0, 0.0, 0.0, 3.3888886, 2.1951127, 2.9999998, 1.5202343, 12.259259, 10.333333999999999, 9.333333999999999, 17.11111, -5.777777700000001, -8.777778, 14.555554999999998, 17.11111, 0.48014903, 1.9879022000000002, 'GRASS'],
  [117.0, 110.0, 9.0, 0.0, 0.0, 2.3333333, 2.9059324, 2.277777, 1.9022408, 17.222220999999998, 9.222222, 29.0, 13.444445000000002, -24.0, 35.333332, -11.333333, 29.0, 0.6807869000000001, -2.321226, 'FOLIAGE'],
  [232.0, 175.0, 9.0, 0.0, 0.0, 1.1666669, 0.62360954, 2.8333333, 2.1679492000000002, 15.370370000000001, 12.444445, 13.555554999999998, 20.11111, -8.777778, -5.4444447, 14.222222, 20.11111, 0.38741234, 2.2421957999999997, 'GRASS'],
  [46.0, 88.0, 9.0, 0.0, 0.0, 1.5, 1.3666672, 1.5555557, 1.2740738, 3.2962964, 0.6666667, 7.666666499999999, 1.5555556000000001, -7.888889, 13.111111, -5.222222299999999, 7.666666499999999, 0.92957354, -2.2165444, 'FOLIAGE'],
  [232.0, 31.0, 9.0, 0.0, 0.0, 0.5555547, 0.34426576, 0.7777774000000001, 0.34426582, 114.96296000000001, 101.888885, 132.55556, 110.44443999999999, -39.22222, 52.77778000000001, -13.555554999999998, 132.55556, 0.23132005, -2.384877, 'SKY'],
  [174.0, 96.0, 9.0, 0.22222222, 0.0, 2.2222226000000003, 0.6885298000000001, 0.9444440000000001, 0.8798158000000001, 55.148148, 54.11111, 61.0, 50.333332, -3.1111112000000003, 17.555555, -14.444445000000002, 61.0, 0.17457852, -1.7204678, 'CEMENT'],
  [109.0, 130.0, 9.0, 0.0, 0.0, 1.111111, 0.7407405, 9.777778, 21.762964, 13.037037, 9.888889, 18.88889, 10.333333999999999, -9.444445, 17.555555, -8.111111, 18.88889, 0.5481241, -2.1373706, 'CEMENT'],
  [178.0, 128.0, 9.0, 0.0, 0.0, 0.44444433, 0.34074068, 0.88888866, 0.2074075, 5.9259257000000005, 7.888889, 6.4444447, 3.4444443999999996, 5.888889, 1.5555556000000001, -7.4444447, 7.888889, 0.56371254, -0.7213002, 'BRICKFACE'],
  [95.0, 71.0, 9.0, 0.0, 0.0, 1.0555534, 1.0851825000000002, 2.2222214, 3.7629638, 105.66666399999998, 96.666664, 122.44443999999999, 97.888885, -27.0, 50.333332, -23.333334, 122.44443999999999, 0.21226363, -2.1431593999999996, 'SKY'],
  [227.0, 196.0, 9.0, 0.0, 0.0, 2.6111114, 2.360949, 3.5555565000000002, 1.6953093999999997, 47.185184, 42.11111, 58.22221999999999, 41.22222, -15.222222, 33.11111, -17.88889, 58.22221999999999, 0.29246890000000003, -2.0394914, 'PATH'],
  [86.0, 194.0, 9.0, 0.0, 0.0, 1.7777779999999999, 1.2740743, 1.8888888, 0.38518524, 16.777779000000002, 13.222222, 16.666667999999998, 20.444445, -10.666667, -0.33333334, 11.0, 20.444445, 0.35213172, 2.5931067000000003, 'GRASS'],
  [73.0, 105.0, 9.0, 0.0, 0.0, 2.1111114, 1.0962937, 1.1666666, 0.52222216, 58.629630000000006, 53.33333199999999, 70.333336, 52.22222, -15.888889, 35.11111, -19.222220999999998, 70.333336, 0.25904787, -2.0322430000000002, 'CEMENT'],
  [163.0, 151.0, 9.0, 0.0, 0.0, 3.833333, 11.055564, 1.5555557, 2.2518542, 30.481482, 23.11111, 42.77778, 25.555555, -22.11111, 36.88889, -14.777778, 42.77778, 0.45744765, -2.2196255000000003, 'CEMENT'],
  [1.0, 81.0, 9.0, 0.0, 0.0, 12.166667, 267.45554, 9.222222, 205.36296000000002, 21.333334, 14.0, 30.555555, 19.444445, -22.0, 27.666665999999996, -5.6666665, 30.555555, 0.5952821999999999, -2.438409, 'FOLIAGE'],
  [46.0, 154.0, 9.0, 0.11111111, 0.0, 3.1666667, 8.211110000000001, 1.6111111999999999, 1.2185184, 6.3703704000000005, 9.666667, 4.6666669999999995, 4.777777700000001, 9.888889, -5.111111, -4.777777700000001, 9.666667, 0.56192696, -0.0049269386, 'WINDOW'],
  [36.0, 145.0, 9.0, 0.0, 0.0, 0.27777779999999996, 0.19629629, 1.2777778, 2.0629628, 0.8518519, 0.33333334, 1.4444443999999999, 0.7777778000000001, -1.5555556000000001, 1.7777778000000002, -0.22222222, 1.4444443999999999, 0.25185186, -2.5309502999999998, 'FOLIAGE'],
  [152.0, 155.0, 9.0, 0.0, 0.0, 0.5, 0.61111104, 10.777778, 131.80739, 7.296296000000001, 5.3333335, 11.0, 5.5555553, -5.888889, 11.111111, -5.222222299999999, 11.0, 0.5, -2.115567, 'WINDOW'],
  [136.0, 139.0, 9.0, 0.0, 0.0, 0.6666667, 0.17777774, 0.7777776, 0.20740725, 5.3333335, 6.5555553, 6.4444447, 3.0, 3.6666667, 3.3333333, -7.0, 6.888889, 0.5667989, -1.004936, 'BRICKFACE'],
  [215.0, 89.0, 9.0, 0.22222222, 0.0, 1.888889, 1.5869839, 2.3333328, 1.7256241, 18.037036999999998, 14.444445000000002, 25.11111, 14.555554999999998, -10.777778, 21.222220999999998, -10.444445, 25.11111, 0.43137968, -2.1022950000000002, 'WINDOW'],
  [236.0, 77.0, 9.0, 0.0, 0.0, 22.166666, 15.472914000000001, 7.722223, 8.373016, 32.77778, 30.222221, 37.666668, 30.444445, -7.666666499999999, 14.666667000000002, -7.0, 37.666668, 0.22524333, -2.1233602000000005, 'CEMENT'],
  [170.0, 113.0, 9.0, 0.0, 0.0, 2.833333, 0.62360847, 1.222222, 0.68853045, 28.333334000000004, 24.333334, 34.88889, 25.777779000000002, -12.0, 19.666666, -7.666666499999999, 34.88889, 0.30207062, -2.2362506, 'WINDOW'],
  [189.0, 124.0, 9.0, 0.0, 0.0, 1.2777773000000001, 0.9518527, 1.2777792, 1.3518513, 38.592594, 35.88889, 46.22222, 33.666668, -8.111111, 22.88889, -14.777778, 46.22222, 0.27147377, -1.9075019, 'CEMENT'],
  [142.0, 182.0, 9.0, 0.0, 0.0, 2.4999990000000003, 1.0999985, 2.277777, 3.618518, 34.51852, 31.555555, 42.22222, 29.777779, -8.888889, 23.11111, -14.222222, 42.22222, 0.29320765, -1.9430385, 'PATH'],
  [80.0, 124.0, 9.0, 0.0, 0.0, 0.5555555999999999, 0.16296288, 0.44444442, 0.029629659, 5.111111, 6.666666499999999, 6.0, 2.6666667, 4.6666665, 2.6666667, -7.333333500000001, 6.777777700000001, 0.6084655999999999, -0.877707, 'BRICKFACE'],
  [217.0, 130.0, 9.0, 0.0, 0.0, 2.3333333, 2.5333333, 1.4444447, 0.47407429999999995, 21.37037, 15.777778, 31.888890000000004, 16.444445, -16.777779000000002, 31.555555, -14.777778, 31.888890000000004, 0.50544137, -2.1349237000000003, 'CEMENT'],
  [170.0, 159.0, 9.0, 0.11111111, 0.0, 2.2777777, 1.4207459999999998, 1.611111, 1.1816499, 20.518518, 20.333334, 22.333334, 18.88889, -0.5555555999999999, 5.4444447, -4.888889, 22.333334, 0.15127982, -1.5966791999999999, 'CEMENT'],
  [233.0, 97.0, 9.0, 0.0, 0.0, 0.38888887, 0.19629626, 0.5555555, 0.20740739, 2.1111112000000003, 0.11111111, 5.5555553, 0.6666667, -6.0, 10.333333, -4.3333335, 5.5555553, 0.9841270000000001, -2.1913822, 'FOLIAGE'],
  [54.0, 126.0, 9.0, 0.11111111, 0.0, 2.7777773999999997, 2.6970487000000003, 3.3888886, 2.2746582, 23.296297, 21.0, 28.888890000000004, 20.0, -6.888889, 16.777779000000002, -9.888889, 28.888890000000004, 0.3057855, -1.9687403, 'CEMENT'],
  [14.0, 134.0, 9.0, 0.0, 0.0, 0.38888884, 0.06296299400000001, 0.38888893, 0.062963024, 5.296296, 6.777777700000001, 6.222222299999999, 2.8888887999999997, 4.4444447, 2.7777777, -7.222222299999999, 7.0, 0.5873016, -0.91263086, 'BRICKFACE'],
  [141.0, 68.0, 9.0, 0.0, 0.0, 1.4444443, 1.0074081, 2.1666667, 0.8777790999999999, 27.185184000000003, 24.222220999999998, 36.88889, 20.444445, -8.888889, 29.111109999999996, -20.222220999999998, 36.88889, 0.4456523, -1.8485235, 'BRICKFACE'],
  [35.0, 112.0, 9.0, 0.11111111, 0.0, 0.88888913, 0.2962967, 0.55555564, 0.16296294, 16.185184, 12.111111, 23.88889, 12.555555, -12.222222, 23.11111, -10.888889, 23.88889, 0.492526, -2.1333125, 'WINDOW'],
  [145.0, 248.0, 9.0, 0.0, 0.0, 2.0555553, 1.7180947, 2.111111, 1.3770607, 26.888890000000004, 23.222220999999998, 25.11111, 32.333335999999996, -11.0, -5.3333335, 16.333334, 32.333335999999996, 0.29167509999999996, 2.2850982999999996, 'GRASS'],
  [69.0, 136.0, 9.0, 0.0, 0.0, 3.1111114, 2.8100348, 2.777778, 3.1669588, 19.444445, 16.88889, 25.777779000000002, 15.666667000000002, -7.666666499999999, 19.0, -11.333333, 26.666665999999996, 0.42529303, -1.6157203000000002, 'FOLIAGE'],
  [140.0, 73.0, 9.0, 0.0, 0.0, 1.7222214, 0.8277598, 0.7777774000000001, 1.0036957, 46.296295, 45.666668, 51.11111, 42.11111, -1.8888888, 14.444445000000002, -12.555555, 51.11111, 0.1761556, -1.6815889, 'CEMENT'],
  [139.0, 121.0, 9.0, 0.0, 0.0, 1.0555555, 0.41851884, 1.1666666, 0.83333385, 3.7037036, 0.7777778000000001, 7.777777700000001, 2.5555556, -8.777778, 12.222222, -3.4444443999999996, 7.777777700000001, 0.9074074000000001, -2.351514, 'FOLIAGE'],
  [96.0, 133.0, 9.0, 0.0, 0.0, 0.055555556, 0.01851852, 0.22222222, 0.029629637, 0.48148149999999995, 0.0, 1.4444443999999999, 0.0, -1.4444443999999999, 2.8888887999999997, -1.4444443999999999, 1.4444443999999999, 1.0, -2.0943952, 'FOLIAGE'],
  [218.0, 115.0, 9.0, 0.0, 0.0, 0.9444440000000001, 0.5340271, 0.38888898, 0.38968194, 22.962963000000002, 19.444445, 29.444445, 20.0, -10.555555, 19.444445, -8.888889, 29.444445, 0.33914888, -2.1486697, 'WINDOW'],
  [95.0, 97.0, 9.0, 0.0, 0.0, 0.611111, 0.534027, 0.7777774000000001, 0.45541978, 19.592592, 15.333332999999998, 27.777779, 15.666667000000002, -12.777778, 24.555555, -11.777778, 27.777779, 0.4474942, -2.121346, 'WINDOW'],
  [177.0, 76.0, 9.0, 0.0, 0.0, 1.3888893, 1.3567388999999999, 15.0, 11.481388, 29.814815999999997, 28.666665999999996, 33.444447, 27.333334000000004, -3.4444443999999996, 10.888889, -7.4444447, 33.444447, 0.20066153, -1.9036243999999998, 'CEMENT'],
  [130.0, 102.0, 9.0, 0.0, 0.0, 7.277778, 73.7963, 9.444444, 90.91856999999999, 14.370370000000001, 10.111111, 20.222220999999998, 12.777778, -12.777778, 17.555555, -4.777777700000001, 20.222220999999998, 0.5751263000000001, -2.3789442000000003, 'FOLIAGE'],
  [186.0, 162.0, 9.0, 0.0, 0.0, 1.6111122, 0.59629595, 12.388888, 66.818535, 44.074073999999996, 37.444443, 54.66666800000001, 40.11111, -19.88889, 31.777779, -11.888889, 54.66666800000001, 0.30150759999999993, -2.3866708, 'PATH'],
  [227.0, 118.0, 9.0, 0.0, 0.0, 0.055555504000000006, 0.018518483, 1.0555557, 0.10740725, 5.6296295999999995, 7.0, 6.666666499999999, 3.2222223, 4.111111, 3.1111112000000003, -7.222222299999999, 7.111111, 0.5456349, -0.96082735, 'BRICKFACE'],
  [230.0, 124.0, 9.0, 0.0, 0.0, 0.27777779999999996, 0.10740743, 0.27777779999999996, 0.15185183, 0.6666667, 0.0, 2.0, 0.0, -2.0, 4.0, -2.0, 2.0, 1.0, -2.0943952, 'FOLIAGE'],
  [20.0, 137.0, 9.0, 0.0, 0.0, 0.11111113, 0.029629631, 0.27777782, 0.018518519, 0.22222222, 0.0, 0.6666667, 0.0, -0.6666667, 1.3333334, -0.6666667, 0.6666667, 0.6666667, -2.0943952, 'FOLIAGE'],
  [195.0, 136.0, 9.0, 0.0, 0.0, 1.1666666, 0.52222216, 1.1666667, 0.47777748, 2.4444444, 0.6666667, 5.777777700000001, 0.8888889000000001, -5.3333335, 10.0, -4.6666665, 5.777777700000001, 0.9111551999999999, -2.1303394, 'WINDOW'],
  [133.0, 108.0, 9.0, 0.0, 0.0, 0.777777, 0.74074006, 22.444443, 104.91861999999999, 45.592594, 41.22222, 55.44444300000001, 40.11111, -13.111111, 29.555555, -16.444445, 55.44444300000001, 0.27598566, -2.0155542, 'CEMENT'],
  [4.0, 189.0, 9.0, 0.0, 0.0, 2.0555565, 3.8851852, 11.722221000000001, 114.59633999999998, 26.444445, 23.444445, 33.0, 22.88889, -9.0, 19.666666, -10.666667, 33.0, 0.27147257, -2.1010017000000003, 'PATH'],
  [222.0, 62.0, 9.0, 0.0, 0.0, 0.27777782, 0.25092420000000004, 0.6666667, 0.55777335, 6.4074073, 4.111111, 11.444445, 3.6666667, -6.888889, 15.111111, -8.222222, 11.444445, 0.68080807, -2.0341523, 'WINDOW'],
  [76.0, 116.0, 9.0, 0.0, 0.0, 0.833333, 0.43333372, 0.16666667, 0.07777769, 16.851851999999997, 13.555554999999998, 23.222220999999998, 13.777778, -9.888889, 19.11111, -9.222222, 23.222220999999998, 0.42083883, -2.1211752999999995, 'WINDOW'],
  [169.0, 199.0, 9.0, 0.0, 0.0, 1.277778, 0.44305340000000004, 1.277778, 1.041722, 14.518517999999998, 11.111111, 14.555554999999998, 17.88889, -10.222222, 0.11111111, 10.111111, 17.88889, 0.37847343, 2.6341755, 'GRASS'],
  [95.0, 95.0, 9.0, 0.0, 0.0, 0.72222227, 0.8185186, 1.111111, 0.25185192, 6.4814815999999995, 2.3333334999999997, 12.555555, 4.5555553, -12.444445, 18.222220999999998, -5.777777700000001, 12.555555, 0.816909, -2.322295, 'FOLIAGE'],
  [26.0, 93.0, 9.0, 0.0, 0.0, 2.4999993, 0.21111093, 2.1111114, 9.1407385, 20.37037, 18.88889, 26.777779, 15.444445000000002, -4.4444447, 19.222220999999998, -14.777778, 26.777779, 0.41923320000000003, -1.7303063000000003, 'BRICKFACE'],
  [96.0, 84.0, 9.0, 0.0, 0.0, 1.5000003999999998, 1.2777773000000001, 1.6111107, 2.2851882000000003, 23.851851999999997, 23.555555, 30.0, 18.0, -0.8888889000000001, 18.444445, -17.555555, 30.0, 0.39879107, -1.598867, 'BRICKFACE'],
  [38.0, 146.0, 9.0, 0.0, 0.0, 0.4999999, 0.12222217, 0.6666667, 0.26666668, 5.111111, 5.6666665, 6.777777700000001, 2.8888887999999997, 1.6666666, 5.0, -6.666666499999999, 6.888889, 0.5714286, -1.2583578000000002, 'BRICKFACE'],
  [45.0, 126.0, 9.0, 0.0, 0.0, 7.0, 3.870114, 2.5555556, 1.7971168999999998, 10.185185, 4.888889, 17.222223, 8.444445, -15.888889, 21.11111, -5.222222299999999, 17.222223, 0.7364309, -2.4498394, 'FOLIAGE'],
  [140.0, 161.0, 9.0, 0.0, 0.0, 0.27777767, 0.3277306, 0.7777776999999999, 0.6206328000000001, 15.740741, 12.444445, 14.333332999999998, 20.444445, -9.888889, -4.222222299999999, 14.111111, 20.444445, 0.39095718, 2.3451326, 'GRASS'],
  [9.0, 130.0, 9.0, 0.0, 0.0, 0.055555582, 0.018518535, 2.611111, 6.2407449999999995, 1.7407408, 1.0, 3.2222223, 1.0, -2.2222223, 4.4444447, -2.2222223, 3.2222223, 0.5509259, -2.0943952, 'WINDOW'],
  [194.0, 178.0, 9.0, 0.0, 0.0, 1.222222, 1.0518546, 8.0, 12.577775, 33.666668, 29.666665999999996, 41.88889, 29.444445, -12.0, 24.666666, -12.666667, 41.88889, 0.29696295, -2.103758, 'PATH'],
  [58.0, 111.0, 9.0, 0.0, 0.0, 3.2222223, 3.4518513999999993, 2.0555556, 0.9518509, 19.333334, 15.555554999999998, 26.222221, 16.222223, -11.333333, 20.666666, -9.333333, 26.222221, 0.40922624, -2.1537185, 'WINDOW'],
  [178.0, 138.0, 9.0, 0.0, 0.0, 0.11111108, 0.17213255, 0.05555554, 0.13608274, 1.3703703999999999, 1.0, 3.1111112000000003, 0.0, -1.1111111999999999, 5.222222299999999, -4.111111, 3.1111112000000003, 1.0, -1.7550169999999998, 'WINDOW'],
  [6.0, 81.0, 9.0, 0.0, 0.11111111, 4.111111, 8.740745, 5.7222230000000005, 28.507409999999997, 12.481482000000002, 7.666666499999999, 18.88889, 10.888889, -14.444445000000002, 19.222220999999998, -4.777777700000001, 18.88889, 0.6281558, -2.388561, 'FOLIAGE'],
  [151.0, 114.0, 9.0, 0.0, 0.0, 0.6111111, 0.19629627, 1.0000001, 0.53333306, 6.222222299999999, 7.5555553, 7.4444447, 3.6666667, 4.0, 3.6666667, -7.666666499999999, 7.888889, 0.53791887, -1.0108004000000002, 'BRICKFACE'],
  [242.0, 89.0, 9.0, 0.0, 0.0, 0.5, 0.47777787, 0.9444445, 0.5518519000000001, 1.8148148000000002, 0.7777778000000001, 4.111111, 0.5555555999999999, -3.1111112000000003, 6.888889, -3.7777777, 4.111111, 0.8962962999999999, -2.0422592, 'WINDOW'],
  [237.0, 135.0, 9.0, 0.0, 0.0, 0.5555555999999999, 0.20740725, 0.66666675, 0.35555547, 4.148148, 5.6666665, 4.777777700000001, 2.0, 4.5555553, 1.8888888, -6.4444447, 5.6666665, 0.6472222, -0.8078477, 'BRICKFACE'],
  [12.0, 154.0, 9.0, 0.0, 0.0, 3.222222, 3.0518484, 2.3333333, 3.200002, 19.703703, 14.888889, 28.555555, 15.666667000000002, -14.444445000000002, 26.555555, -12.111111, 28.555555, 0.47971532, -2.1425292000000002, 'CEMENT'],
  [56.0, 140.0, 9.0, 0.0, 0.0, 0.9444444, 0.46296272, 0.27777776, 0.06296294, 5.5555553, 3.6666667, 9.444445, 3.5555556000000004, -5.6666665, 11.666667, -6.0, 9.444445, 0.6392536999999999, -2.0722682, 'WINDOW'],
  [5.0, 118.0, 9.0, 0.0, 0.0, 0.22222222, 0.07407408, 0.33333334, 0.08888889999999999, 0.9259259, 0.0, 2.5555556, 0.22222222, -2.7777777, 4.888889, -2.1111112000000003, 2.5555556, 1.0, -2.1712801, 'FOLIAGE'],
  [230.0, 117.0, 9.0, 0.0, 0.0, 3.2777786, 0.92895794, 1.4444433, 0.86066324, 39.037037, 33.555557, 49.77778, 33.77778, -16.444445, 32.22222, -15.777778, 49.77778, 0.33502588, -2.1062347999999997, 'CEMENT'],
  [173.0, 93.0, 9.0, 0.0, 0.0, 0.0, 0.0, 0.0, 0.0, 0.0, 0.0, 0.0, 0.0, 0.0, 0.0, 0.0, 0.0, 0.0, 0.0, 'WINDOW'],
  [34.0, 169.0, 9.0, 0.0, 0.0, 0.8333333, 0.5055251000000001, 1.6111111999999999, 0.8798151, 12.814815, 10.666667, 9.777778, 18.0, -6.4444447, -9.111111, 15.555554999999998, 18.0, 0.46356925, 1.9931828999999999, 'GRASS'],
  [122.0, 106.0, 9.0, 0.11111111, 0.0, 1.611111, 0.59629595, 1.6111113000000001, 2.7296302000000003, 23.037036999999998, 22.0, 29.888890000000004, 17.222223, -3.1111112000000003, 20.555555, -17.444445, 29.888890000000004, 0.42334643, -1.6958038, 'BRICKFACE'],
  [169.0, 117.0, 9.0, 0.0, 0.0, 1.222222, 0.6206324000000001, 1.111111, 1.2938602, 31.259259999999998, 27.444445, 39.0, 27.333334000000004, -11.444445, 23.222220999999998, -11.777778, 39.0, 0.30714995, -2.0889142, 'CEMENT'],
  [150.0, 158.0, 9.0, 0.0, 0.0, 2.166667, 1.6333338, 1.388889, 0.41851807, 8.444445, 7.0, 12.222222, 6.111111, -4.3333335, 11.333333, -7.0, 12.222222, 0.50308645, -1.9434487, 'CEMENT'],
  [74.0, 129.0, 9.0, 0.0, 0.0, 0.22222222, 0.029629637, 0.11111111, 0.029629635, 0.5185185, 0.0, 1.5555556000000001, 0.0, -1.5555556000000001, 3.1111112000000003, -1.5555556000000001, 1.5555556000000001, 1.0, -2.0943952, 'FOLIAGE'],
  [192.0, 157.0, 9.0, 0.0, 0.0, 1.0555558999999999, 0.5074076, 0.77777797, 0.16296285, 18.333334, 13.888889, 17.222223, 23.88889, -13.333332999999998, -3.3333333, 16.666666, 23.88889, 0.41818407, 2.4386153, 'GRASS'],
  [221.0, 111.0, 9.0, 0.0, 0.0, 0.6111111, 0.24074069, 0.38888887, 0.24074073, 1.3333334, 0.0, 4.0, 0.0, -4.0, 8.0, -4.0, 4.0, 1.0, -2.0943952, 'FOLIAGE'],
  [118.0, 126.0, 9.0, 0.0, 0.0, 0.6666667, 0.39999974, 1.8333336, 2.1222223999999996, 20.555555, 16.11111, 28.666665999999996, 16.88889, -13.333332999999998, 24.333334, -11.0, 28.666665999999996, 0.43707799999999997, -2.1588047, 'CEMENT'],
  [33.0, 90.0, 9.0, 0.11111111, 0.0, 0.49999985, 0.4082481, 1.8333335, 0.5477228, 16.666666, 11.888889, 25.777779000000002, 12.333333, -14.333332999999998, 27.333334000000004, -13.0, 25.777779000000002, 0.53911555, -2.1259756000000003, 'WINDOW'],
  [96.0, 123.0, 9.0, 0.0, 0.0, 1.2777777, 0.1518523, 1.8333334, 2.0777776, 21.62963, 14.777778, 34.22222, 15.888889, -20.555555, 37.77778, -17.222220999999998, 34.22222, 0.5595462, -2.149759, 'CEMENT'],
  [92.0, 121.0, 9.0, 0.0, 0.0, 1.4444445, 1.8216801999999999, 2.0555556, 2.0593057, 14.962963, 9.555555, 23.444445, 11.888889, -16.222220999999998, 25.444445, -9.222222, 23.444445, 0.5964221, -2.2353554, 'FOLIAGE'],
  [38.0, 112.0, 9.0, 0.0, 0.0, 0.55555564, 0.3851852, 1.0000001, 0.0888888, 6.222222299999999, 7.0, 8.111112, 3.5555556000000004, 2.3333333, 5.6666665, -8.0, 8.111112, 0.5591710999999999, -1.2739921, 'BRICKFACE'],
  [59.0, 120.0, 9.0, 0.0, 0.0, 2.1666667, 1.9860634, 1.4444441000000001, 1.8698384999999997, 19.074074, 10.555555, 33.11111, 13.555554999999998, -25.555555, 42.11111, -16.555555, 33.11111, 0.6812664, -2.2312608, 'FOLIAGE'],
  [237.0, 137.0, 9.0, 0.0, 0.0, 0.38888887, 0.10740739999999999, 0.33333334, 0.04444445, 0.6666667, 0.0, 2.0, 0.0, -2.0, 4.0, -2.0, 2.0, 1.0, -2.0943952, 'FOLIAGE'],
  [45.0, 108.0, 9.0, 0.0, 0.11111111, 25.5, 12.795401, 27.277779, 15.930981, 49.814816, 41.77778, 61.11111, 46.555557, -24.11111, 33.88889, -9.777778, 61.11111, 0.35897508, -2.3604912999999996, 'FOLIAGE'],
  [43.0, 152.0, 9.0, 0.0, 0.0, 1.9444445, 1.7074082, 1.2222222, 0.8296299000000001, 1.5185186000000002, 1.0, 2.8888887999999997, 0.6666667, -1.5555556000000001, 4.111111, -2.5555556, 2.8888887999999997, 0.64867723, -1.9332388999999999, 'WINDOW'],
  [196.0, 129.0, 9.0, 0.0, 0.0, 0.83333325, 0.43333334, 0.6666667, 0.17777774, 6.3333335, 7.888889, 7.333333500000001, 3.7777777, 4.6666665, 3.0, -7.666666499999999, 8.222222, 0.54012346, -0.9327825999999999, 'BRICKFACE'],
  [38.0, 189.0, 9.0, 0.0, 0.0, 1.0000006, 0.22222213, 6.2222230000000005, 33.3185, 29.074074, 26.333334000000004, 35.22222, 25.666666, -8.222222, 18.444445, -10.222222, 35.22222, 0.2712077, -2.0491476000000004, 'PATH'],
  [94.0, 136.0, 9.0, 0.0, 0.0, 0.22222225, 0.029629637, 0.22222225, 0.029629637, 2.5555556, 1.0, 5.777777700000001, 0.8888889000000001, -4.6666665, 9.666667, -5.0, 5.777777700000001, 0.84708995, -2.0712416, 'WINDOW'],
  [192.0, 162.0, 9.0, 0.0, 0.0, 2.3888886, 2.1962967, 14.944444, 219.57411000000002, 40.444443, 34.444447, 49.444443, 37.444443, -18.0, 27.0, -9.0, 50.333332, 0.30781415, -2.5736348999999996, 'PATH'],
  [198.0, 127.0, 9.0, 0.0, 0.0, 2.4444444, 4.385187, 8.555555, 59.54075, 40.74074, 38.0, 48.22222, 36.0, -8.222222, 22.444445, -14.222222, 48.22222, 0.24899939, -1.9083477999999998, 'CEMENT'],
  [208.0, 90.0, 9.0, 0.0, 0.0, 2.8888886, 2.5629659, 0.72222215, 0.06296298, 5.148148, 2.7777777, 10.0, 2.6666667, -7.111111, 14.555554999999998, -7.4444447, 10.0, 0.79721206, -2.073429, 'WINDOW'],
  [159.0, 116.0, 9.0, 0.11111111, 0.0, 0.4444437, 0.34426528, 2.0555553, 1.1038655000000002, 29.814815999999997, 25.666666, 37.11111, 26.666665999999996, -12.444445, 21.88889, -9.444445, 37.11111, 0.31028613, -2.1775072, 'WINDOW'],
  [39.0, 138.0, 9.0, 0.0, 0.0, 1.1111107, 0.50184846, 2.3888892999999998, 1.638653, 54.629630000000006, 49.11111, 66.77778, 48.0, -16.555555, 36.444443, -19.88889, 66.77778, 0.28091076, -2.0296564, 'CEMENT'],
  [232.0, 149.0, 9.0, 0.0, 0.0, 0.0, 0.0, 0.0, 0.0, 0.0, 0.0, 0.0, 0.0, 0.0, 0.0, 0.0, 0.0, 0.0, 0.0, 'WINDOW'],
  [120.0, 124.0, 9.0, 0.0, 0.0, 8.999999, 112.57778, 11.166668, 184.5222, 53.77778000000001, 49.0, 64.44444, 47.88889, -14.333332999999998, 32.0, -17.666666, 64.44444, 0.26124597, -2.0173788, 'CEMENT'],
  [101.0, 130.0, 9.0, 0.0, 0.0, 0.611111, 0.24074079999999998, 0.66666657, 0.57777774, 5.777777700000001, 7.4444447, 6.666666499999999, 3.2222223, 5.0, 2.6666667, -7.666666499999999, 7.5555553, 0.57539684, -0.87149525, 'BRICKFACE'],
  [241.0, 135.0, 9.0, 0.0, 0.0, 0.22222225, 0.029629627000000002, 0.16666667, 0.07777778, 0.14814815, 0.0, 0.44444445, 0.0, -0.44444445, 0.8888889000000001, -0.44444445, 0.44444445, 0.33333334, -2.0943952, 'WINDOW'],
  [93.0, 127.0, 9.0, 0.0, 0.0, 1.1111111999999999, 0.83444345, 1.0, 0.7888106, 3.8148148, 1.3333334, 6.777777700000001, 3.3333333, -7.4444447, 8.888889, -1.4444443999999999, 6.777777700000001, 0.8272487, -2.4745617, 'FOLIAGE'],
  [8.0, 162.0, 9.0, 0.11111111, 0.0, 1.611111, 2.0629625, 0.3333334, 0.13333334, 8.37037, 6.666666499999999, 12.0, 6.4444447, -5.111111, 10.888889, -5.777777700000001, 12.0, 0.48480532, -2.0449464, 'CEMENT'],
  [18.0, 123.0, 9.0, 0.0, 0.0, 0.72222227, 0.86296284, 0.6111111, 0.41851848, 1.074074, 0.11111111, 2.6666667, 0.44444445, -2.8888887999999997, 4.777777700000001, -1.8888888, 2.6666667, 0.9814815, -2.1692097, 'FOLIAGE'],
  [217.0, 145.0, 9.0, 0.0, 0.0, 0.5555555999999999, 0.16296291, 0.72222215, 0.06296298, 5.296296, 6.3333335, 6.5555553, 3.0, 3.1111112000000003, 3.7777777, -6.888889, 7.0, 0.56415343, -1.0689678999999999, 'BRICKFACE'],
  [211.0, 130.0, 9.0, 0.0, 0.0, 0.0, 0.0, 0.0, 0.0, 0.0, 0.0, 0.0, 0.0, 0.0, 0.0, 0.0, 0.0, 0.0, 0.0, 'WINDOW'],
  [158.0, 76.0, 9.0, 0.0, 0.0, 0.833333, 0.65828085, 3.277778, 3.065339, 34.851852, 31.888890000000004, 42.0, 30.666665999999996, -8.888889, 21.444445, -12.555555, 42.0, 0.2703099, -1.9814991000000002, 'CEMENT'],
  [127.0, 118.0, 9.0, 0.0, 0.0, 11.555553999999999, 10.22995, 0.8333337, 0.6912154, 34.333332, 30.777779, 41.666668, 30.555555, -10.666667, 22.0, -11.333333, 41.666668, 0.29394883, -2.0776675, 'CEMENT'],
  [207.0, 115.0, 9.0, 0.0, 0.0, 1.0555555, 0.3296295, 0.16666669, 0.033333343, 1.2222222, 0.44444445, 2.8888887999999997, 0.33333334, -2.3333333, 5.0, -2.6666667, 2.8888887999999997, 0.93333334, -2.0655363, 'WINDOW'],
  [58.0, 128.0, 9.0, 0.11111111, 0.0, 2.9444447, 1.75647, 2.4444444, 1.6821501, 16.481482, 10.111111, 25.88889, 13.444445000000002, -19.11111, 28.222221, -9.111111, 25.88889, 0.6133847, -2.3163002, 'FOLIAGE'],
  [123.0, 94.0, 9.0, 0.0, 0.0, 0.50000066, 0.07777796, 0.8333333, 0.033333335, 21.444445, 16.88889, 30.444445, 17.0, -13.666667000000002, 27.0, -13.333332999999998, 30.444445, 0.45218220000000003, -2.1009657, 'WINDOW'],
  [62.0, 144.0, 9.0, 0.0, 0.0, 0.27777767, 0.06296294, 0.72222215, 0.32962963, 4.814815, 6.0, 5.777777700000001, 2.6666667, 3.5555556000000004, 2.8888887999999997, -6.4444447, 6.222222299999999, 0.5746031999999999, -0.9691188000000001, 'BRICKFACE'],
  [131.0, 86.0, 9.0, 0.0, 0.0, 1.3888893, 1.2185188999999998, 1.6666672999999999, 2.5777786, 24.296297, 23.555555, 31.333334000000004, 18.0, -2.2222223, 21.11111, -18.88889, 31.333334000000004, 0.42459705, -1.6508441999999999, 'BRICKFACE'],
  [80.0, 116.0, 9.0, 0.0, 0.0, 1.5, 1.6333328, 1.5555557, 0.87407404, 21.703703, 21.222220999999998, 27.555555, 16.333334, -1.4444443999999999, 17.555555, -16.11111, 27.555555, 0.40736422, -1.6322426, 'BRICKFACE'],
  [233.0, 159.0, 9.0, 0.0, 0.0, 2.4999998, 0.5222224, 1.2777778, 1.5740741000000003, 6.6296296, 5.111111, 10.111111, 4.6666669999999995, -4.5555553, 10.444445, -5.888889, 10.111111, 0.5416667, -1.9994432, 'CEMENT'],
  [93.0, 147.0, 9.0, 0.0, 0.0, 3.0555553, 3.5864974999999997, 3.5555553, 3.2157025000000004, 7.703703999999999, 6.4444447, 9.888889, 6.777777700000001, -3.7777777, 6.5555553, -2.7777777, 9.888889, 0.34947090000000003, -2.0645137, 'FOLIAGE'],
  [151.0, 147.0, 9.0, 0.0, 0.0, 0.44444457, 0.42962979999999995, 0.72222215, 0.10740744, 6.037037000000001, 5.6666665, 9.222222, 3.2222223, -1.1111111999999999, 9.555555, -8.444445, 9.555555, 0.6522477, -1.5083701999999999, 'BRICKFACE'],
  [121.0, 112.0, 9.0, 0.0, 0.0, 2.3888886, 1.7690756, 0.5000003, 0.27888670000000004, 23.703703, 19.444445, 32.333335999999996, 19.333334, -12.777778, 25.88889, -13.111111, 32.333335999999996, 0.40954432, -2.0852482, 'WINDOW'],
  [10.0, 172.0, 9.0, 0.0, 0.0, 4.2777769999999995, 4.38896, 6.6666656, 7.360555000000001, 44.77778, 40.333335999999996, 54.66666800000001, 39.333335999999996, -13.333332999999998, 29.666665999999996, -16.333334, 54.66666800000001, 0.27804413, -2.0524528, 'PATH'],
  [159.0, 83.0, 9.0, 0.0, 0.0, 0.38888870000000003, 0.25092387, 0.27777734, 0.2509239, 18.222220999999998, 13.333332999999998, 26.888890000000004, 14.444445000000002, -14.666667000000002, 26.0, -11.333333, 26.888890000000004, 0.5038100000000001, -2.178321, 'WINDOW'],
  [166.0, 110.0, 9.0, 0.0, 0.11111111, 0.61111134, 0.24074027, 2.1111114, 2.2962978, 29.296296999999996, 23.0, 40.444443, 24.444445, -18.88889, 33.444443, -14.555554999999998, 40.444443, 0.43182489999999996, -2.1820180000000002, 'WINDOW'],
  [118.0, 125.0, 9.0, 0.0, 0.0, 0.33333334, 0.29814234, 0.88888884, 0.34426528, 1.1481482, 0.0, 3.1111112000000003, 0.33333334, -3.4444443999999996, 5.888889, -2.4444444, 3.1111112000000003, 1.0, -2.1756467999999995, 'FOLIAGE'],
  [50.0, 109.0, 9.0, 0.0, 0.0, 2.222222, 1.2296311000000002, 1.9999996, 5.911112, 5.6666665, 2.5555556, 9.666667, 4.777777700000001, -9.333333, 12.0, -2.6666667, 9.666667, 0.7607343000000001, -2.4139923999999997, 'FOLIAGE'],
  [6.0, 95.0, 9.0, 0.0, 0.0, 0.7777776999999999, 0.6074076, 0.3888893, 0.06296301, 20.185184, 15.555554999999998, 28.777779, 16.222223, -13.888889, 25.777779000000002, -11.888889, 28.777779, 0.45946908, -2.1461854, 'WINDOW'],
  [186.0, 98.0, 9.0, 0.0, 0.0, 1.2777783, 1.1816506000000002, 5.944444, 3.0798028, 33.962963, 31.0, 41.0, 29.888890000000004, -8.888889, 21.11111, -12.222222, 41.0, 0.2656978, -1.9603096000000002, 'CEMENT'],
  [222.0, 93.0, 9.0, 0.0, 0.0, 1.7222223, 0.0629626, 0.16666669, 0.033333343, 2.4444444, 1.0, 5.4444447, 0.8888889000000001, -4.3333335, 9.0, -4.6666665, 5.4444447, 0.8783950999999999, -2.0750706, 'WINDOW'],
  [37.0, 130.0, 9.0, 0.0, 0.0, 0.77777773, 0.96296304, 1.2777777, 0.951852, 1.6296296000000001, 1.1111111999999999, 3.0, 0.7777778000000001, -1.5555556000000001, 4.111111, -2.5555556, 3.0, 0.85555553, -1.9598235000000002, 'WINDOW'],
  [35.0, 132.0, 9.0, 0.0, 0.0, 0.49999985, 0.07777789, 0.22222216, 0.16296294, 5.3703704000000005, 7.111111, 6.111111, 2.8888887999999997, 5.222222299999999, 2.2222223, -7.4444447, 7.111111, 0.59325397, -0.8083832, 'BRICKFACE'],
  [144.0, 35.0, 9.0, 0.0, 0.0, 2.3333328, 2.0330596, 2.055556, 1.7309813000000003, 37.592594, 32.333335999999996, 47.444443, 33.0, -15.777778, 29.555555, -13.777778, 47.444443, 0.3197136, -2.138762, 'CEMENT'],
  [4.0, 87.0, 9.0, 0.11111111, 0.0, 2.7777777, 3.0962942000000004, 2.722222, 4.3740745, 17.333334, 18.222220999999998, 21.0, 12.777778, 2.6666667, 11.0, -13.666667000000002, 21.11111, 0.39173108, -1.3183731, 'BRICKFACE'],
  [195.0, 119.0, 9.0, 0.0, 0.11111111, 3.611111, 1.4050171, 1.2222223, 0.91084015, 8.62963, 5.888889, 13.666667000000002, 6.3333335, -8.222222, 15.111111, -6.888889, 13.666667000000002, 0.58956474, -2.1427077999999997, 'WINDOW'],
  [137.0, 92.0, 9.0, 0.0, 0.0, 7.3888893, 7.379901400000001, 0.7777779, 0.34426498, 9.962963, 7.111111, 15.555554999999998, 7.222222299999999, -8.555555, 16.777779000000002, -8.222222, 15.555554999999998, 0.6084366, -2.0967047, 'WINDOW'],
  [94.0, 144.0, 9.0, 0.0, 0.0, 0.44444442, 0.118518494, 0.49999997, 0.1666667, 1.1481482, 0.0, 3.4444443999999996, 0.0, -3.4444443999999996, 6.888889, -3.4444443999999996, 3.4444443999999996, 1.0, -2.0943952, 'FOLIAGE'],
  [45.0, 149.0, 9.0, 0.0, 0.0, 2.5, 3.322223, 0.6666663, 0.2666663, 16.814816, 13.444445000000002, 23.777779000000002, 13.222222, -10.111111, 20.88889, -10.777778, 23.777779000000002, 0.45334122, -2.0692513, 'CEMENT'],
  [7.0, 154.0, 9.0, 0.0, 0.11111111, 3.0555546000000002, 3.8321257000000006, 3.8333328, 2.1781759999999997, 50.703705, 44.555557, 64.0, 43.555557, -18.444445, 39.88889, -21.444445, 64.0, 0.32134509999999994, -2.033077, 'CEMENT'],
  [33.0, 108.0, 9.0, 0.0, 0.0, 2.944444, 4.5962973, 6.833332, 16.83333, 40.0, 36.0, 48.22222, 35.77778, -12.0, 24.666666, -12.666667, 48.22222, 0.26675764, -2.080474, 'CEMENT'],
  [49.0, 148.0, 9.0, 0.0, 0.0, 0.7777776999999999, 0.25185102, 6.666666499999999, 33.422226, 15.962963, 12.0, 16.88889, 19.0, -11.888889, 2.7777777, 9.111111, 19.444445, 0.40370809999999996, 2.9124804, 'GRASS'],
  [66.0, 155.0, 9.0, 0.0, 0.0, 3.722222, 21.796297, 7.722223, 71.574066, 8.259259, 5.888889, 12.666667, 6.222222299999999, -7.111111, 13.222222, -6.111111, 12.666667, 0.3006237, -2.1476219, 'WINDOW'],
  [249.0, 154.0, 9.0, 0.0, 0.11111111, 4.222222299999999, 18.162964000000002, 1.7222223, 3.174073, 4.296296, 2.5555556, 7.666666499999999, 2.6666667, -5.222222299999999, 10.111111, -4.888889, 7.666666499999999, 0.8153439, -2.0958126, 'WINDOW'],
  [21.0, 123.0, 9.0, 0.0, 0.0, 0.88888836, 0.38518608, 1.0, 0.3555552, 19.296297, 15.666667000000002, 26.333334000000004, 15.888889, -10.888889, 21.11111, -10.222222, 26.333334000000004, 0.4089133, -2.1157336, 'CEMENT'],
  [150.0, 144.0, 9.0, 0.0, 0.0, 0.55555564, 0.074074075, 0.6111111, 0.15185197, 2.5185183999999996, 0.11111111, 6.5555553, 0.8888889000000001, -7.222222299999999, 12.111111, -4.888889, 6.5555553, 0.9861110999999999, -2.2121625, 'FOLIAGE'],
  [23.0, 92.0, 9.0, 0.0, 0.11111111, 4.111111, 4.63641, 7.0, 5.688196, 12.666667, 8.777778, 18.666667999999998, 10.555555, -11.666667, 18.0, -6.3333335, 18.666667999999998, 0.56489813, -2.2805607000000006, 'FOLIAGE'],
  [6.0, 154.0, 9.0, 0.0, 0.0, 0.11111113, 0.029629631, 0.11111111, 0.029629635, 0.074074075, 0.0, 0.22222222, 0.0, -0.22222222, 0.44444445, -0.22222222, 0.22222222, 0.22222222, -2.0943952, 'WINDOW'],
  [70.0, 122.0, 9.0, 0.0, 0.0, 3.6666667, 4.033196, 4.111111, 3.7810434999999996, 19.88889, 17.88889, 25.11111, 16.666667999999998, -6.0, 15.666667000000002, -9.666667, 26.444445, 0.40249237, -1.5402138, 'FOLIAGE'],
  [14.0, 71.0, 9.0, 0.0, 0.0, 13.055553999999999, 10.382501, 21.888885000000002, 16.536379, 31.851852, 25.555555, 40.22222, 29.777779, -18.88889, 25.11111, -6.222222299999999, 40.22222, 0.39567065, -2.4018247, 'FOLIAGE'],
  [220.0, 111.0, 9.0, 0.0, 0.0, 2.555555, 1.6555178, 2.2777773999999997, 1.5974522, 29.592592, 25.444445, 38.22222, 25.11111, -12.444445, 25.88889, -13.444445000000002, 38.22222, 0.34932512, -2.064723, 'CEMENT'],
  [33.0, 117.0, 9.0, 0.0, 0.0, 0.27777779999999996, 0.018518511, 0.11111111, 0.029629635, 1.074074, 0.0, 3.1111112000000003, 0.11111111, -3.2222223, 6.111111, -2.8888887999999997, 3.1111112000000003, 1.0, -2.132635, 'FOLIAGE'],
  [20.0, 134.0, 9.0, 0.0, 0.0, 0.6666667, 0.088888995, 0.61111116, 0.24074072, 2.9629629, 1.1111111999999999, 6.4444447, 1.3333334, -5.5555553, 10.444445, -4.888889, 6.4444447, 0.8292328000000001, -2.133095, 'WINDOW'],
  [40.0, 142.0, 9.0, 0.0, 0.0, 0.27777782, 0.1360828, 0.22222225, 0.17213261, 1.2222222, 0.11111111, 3.5555556000000004, 0.0, -3.3333333, 7.0, -3.6666667, 3.5555556000000004, 1.0, -2.0561552, 'WINDOW'],
  [152.0, 98.0, 9.0, 0.0, 0.0, 7.000001400000001, 3.8873013999999997, 1.0555558999999999, 0.7722023, 28.777779, 24.88889, 37.11111, 24.333334, -11.666667, 25.0, -13.333332999999998, 37.11111, 0.34639803, -2.0429404, 'CEMENT'],
  [195.0, 99.0, 9.0, 0.0, 0.0, 3.0555553, 4.462964, 2.7777777, 4.651851000000001, 6.740741000000001, 3.4444443999999996, 11.555555, 5.222222299999999, -9.888889, 14.444445000000002, -4.5555553, 11.555555, 0.71189785, -2.318885, 'FOLIAGE'],
  [32.0, 158.0, 9.0, 0.0, 0.0, 0.9444445, 0.8629626, 0.8333333, 0.6111108000000001, 7.962963, 6.3333335, 11.888889, 5.6666665, -4.888889, 11.777778, -6.888889, 11.888889, 0.5205782, -1.9828341, 'CEMENT'],
  [185.0, 110.0, 9.0, 0.0, 0.0, 18.444445, 375.09625, 1.2777773000000001, 0.59629697, 50.666668, 46.11111, 60.44444300000001, 45.444443, -13.666667000000002, 29.333334000000004, -15.666667000000002, 60.44444300000001, 0.24925283, -2.0325177, 'CEMENT'],
  [81.0, 122.0, 9.0, 0.0, 0.11111111, 7.388889, 64.95186, 4.8333335, 42.255565999999995, 6.6296296, 3.3333333, 11.333333, 5.222222299999999, -9.888889, 14.111111, -4.222222299999999, 11.333333, 0.8093314, -2.3490173999999997, 'FOLIAGE'],
  [145.0, 102.0, 9.0, 0.0, 0.0, 0.88888866, 0.6074083, 2.611111, 1.4851857, 23.074074, 22.11111, 29.777779, 17.333334, -2.8888887999999997, 20.11111, -17.222220999999998, 29.777779, 0.41776258, -1.6854403999999998, 'BRICKFACE'],
  [14.0, 117.0, 9.0, 0.0, 0.0, 0.33333325, 0.13333334, 0.5555555999999999, 0.07407414, 5.777777700000001, 6.3333335, 7.5555553, 3.4444443999999996, 1.6666666, 5.3333335, -7.0, 7.5555553, 0.5436508000000001, -1.353896, 'BRICKFACE'],
  [241.0, 137.0, 9.0, 0.0, 0.11111111, 4.277778, 18.685184, 3.8333333, 37.500004, 5.0, 2.5555556, 9.0, 3.4444443999999996, -7.333333500000001, 12.0, -4.6666665, 9.0, 0.8374780000000001, -2.1939669, 'FOLIAGE'],
  [68.0, 157.0, 9.0, 0.0, 0.0, 5.8333325, 14.344446, 1.388889, 1.6629623, 21.444445, 16.88889, 30.0, 17.444445, -13.666667000000002, 25.666666, -12.0, 30.0, 0.43888178, -2.1343, 'CEMENT'],
  [123.0, 143.0, 9.0, 0.0, 0.0, 0.27777779999999996, 0.3896817, 0.27777779999999996, 0.13608274, 0.40740740000000003, 0.0, 1.2222222, 0.0, -1.2222222, 2.4444444, -1.2222222, 1.2222222, 0.7777778000000001, -2.0943952, 'FOLIAGE'],
  [33.0, 142.0, 9.0, 0.0, 0.0, 1.888889, 1.3770607, 0.88888884, 1.4089661, 3.8518519999999996, 1.6666666, 7.222222299999999, 2.6666667, -6.5555553, 10.111111, -3.5555556000000004, 7.222222299999999, 0.8135803, -2.2806025, 'FOLIAGE'],
  [75.0, 149.0, 9.0, 0.0, 0.0, 0.5, 0.12222223, 1.0555557, 0.50740725, 7.5185184000000005, 5.5555553, 11.888889, 5.111111, -5.888889, 13.111111, -7.222222299999999, 11.888889, 0.57870835, -2.0186307, 'BRICKFACE'],
  [33.0, 132.0, 9.0, 0.11111111, 0.0, 1.0555555, 0.99814653, 1.7222221999999998, 0.99814636, 1.962963, 0.6666667, 4.222222299999999, 1.0, -3.8888887999999997, 6.777777700000001, -2.8888887999999997, 4.222222299999999, 0.6768879, -2.1524317, 'FOLIAGE'],
  [226.0, 72.0, 9.0, 0.0, 0.0, 1.2777778, 0.81851846, 1.3888888000000001, 1.4407405, 4.5185184000000005, 1.5555556000000001, 9.444445, 2.5555556, -8.888889, 14.777778, -5.888889, 9.444445, 0.84168977, -2.2167206000000004, 'FOLIAGE'],
  [13.0, 149.0, 9.0, 0.0, 0.0, 0.8888889000000001, 0.7851851, 0.99999994, 1.2444444, 5.5185184000000005, 4.111111, 8.777778, 3.6666667, -4.222222299999999, 9.777778, -5.5555553, 8.777778, 0.5881634, -2.0091076, 'BRICKFACE'],
  [112.0, 114.0, 9.0, 0.0, 0.0, 0.7222224, 0.06296291, 0.6666668, 0.0444444, 5.259258999999999, 6.5555553, 6.111111, 3.1111112000000003, 3.8888887999999997, 2.5555556, -6.4444447, 6.666666499999999, 0.5343915, -0.9106101000000001, 'BRICKFACE'],
  [159.0, 138.0, 9.0, 0.0, 0.0, 0.16666667, 0.16666667, 0.3333334, 0.13333334, 2.6666667, 1.1111111999999999, 5.888889, 1.0, -4.6666665, 9.666667, -5.0, 5.888889, 0.82685184, -2.0778157999999998, 'WINDOW'],
  [37.0, 103.0, 9.0, 0.0, 0.0, 1.7777777, 2.1256804, 2.9444447, 3.4216089999999997, 3.8518519999999996, 1.8888888, 6.222222299999999, 3.4444443999999996, -5.888889, 7.111111, -1.2222222, 6.222222299999999, 0.79907405, -2.497929, 'FOLIAGE'],
  [102.0, 158.0, 9.0, 0.22222222, 0.0, 2.2777773999999997, 2.1230664, 1.8333334, 1.0488073999999998, 39.333332, 35.555557, 47.444443, 35.0, -11.333333, 24.333334, -13.0, 47.444443, 0.26415184, -2.049172, 'CEMENT'],
  [129.0, 136.0, 9.0, 0.0, 0.0, 2.0, 1.5555573, 0.8333333, 0.1222222, 6.185185, 3.6666667, 10.666667, 4.222222299999999, -7.5555553, 13.444445000000002, -5.888889, 10.666667, 0.6577440999999999, -2.1752956, 'WINDOW'],
  [79.0, 154.0, 9.0, 0.0, 0.0, 1.1111111999999999, 1.5851848999999998, 0.16666669, 0.07777777, 0.7407406999999999, 0.44444445, 1.5555556000000001, 0.22222222, -0.8888889000000001, 2.4444444, -1.5555556000000001, 1.5555556000000001, 0.2888889, -1.9196393, 'WINDOW'],
  [38.0, 106.0, 9.0, 0.0, 0.0, 2.2222223, 2.5185174999999997, 2.1111114, 3.1407404, 20.0, 20.0, 25.11111, 14.888889, 0.0, 15.333332999999998, -15.333332999999998, 25.11111, 0.40815476, -1.5576197, 'BRICKFACE'],
  [215.0, 153.0, 9.0, 0.0, 0.11111111, 19.666666, 8.044466, 1.1111113000000001, 3.8962962999999995, 8.333333, 5.3333335, 13.444445000000002, 6.222222299999999, -9.0, 15.333332999999998, -6.3333335, 13.444445000000002, 0.7695767, -2.1438897, 'WINDOW'],
  [242.0, 65.0, 9.0, 0.0, 0.0, 0.5555553000000001, 0.27216578, 1.0, 0.42163682, 8.925925999999999, 6.111111, 14.333332999999998, 6.3333335, -8.444445, 16.222220999999998, -7.777777700000001, 14.333332999999998, 0.5834604999999999, -2.1218784, 'WINDOW'],
  [184.0, 91.0, 9.0, 0.0, 0.0, 1.222222, 0.38518563, 0.3888893, 0.10740757, 24.074074, 17.777779000000002, 34.88889, 19.555555, -18.88889, 32.444443, -13.555554999999998, 34.88889, 0.48999, -2.2024247999999997, 'WINDOW'],
  [245.0, 73.0, 9.0, 0.0, 0.0, 8.222222, 6.273990599999999, 10.722222, 7.680904400000001, 46.666668, 32.11111, 70.111115, 37.77778, -43.666668, 70.333336, -26.666665999999996, 70.111115, 0.5490324000000001, -2.2512536, 'FOLIAGE'],
  [187.0, 89.0, 9.0, 0.0, 0.0, 3.0, 1.6055458, 1.111111, 1.0680546999999998, 8.444445, 6.3333335, 13.0, 6.0, -6.3333335, 13.666667000000002, -7.333333500000001, 13.0, 0.548545, -2.0438845000000003, 'WINDOW'],
  [2.0, 245.0, 9.0, 0.0, 0.0, 1.8888888, 2.162963, 3.1666667, 3.2777781000000004, 6.4074073, 6.222222299999999, 6.0, 7.0, -0.5555555999999999, -1.2222222, 1.7777778000000002, 7.222222299999999, 0.19104938, 1.7566451, 'GRASS'],
  [112.0, 197.0, 9.0, 0.0, 0.0, 4.2222233000000005, 2.9938211, 4.9444447, 3.1227946, 50.333332, 44.666668, 62.22221999999999, 44.11111, -17.0, 35.666668, -18.666666, 62.22221999999999, 0.29632849, -2.0712208999999997, 'PATH'],
  [214.0, 121.0, 9.0, 0.0, 0.0, 0.27777779999999996, 0.06296298, 0.11111111, 0.07407408, 1.1481482, 0.0, 3.3333333, 0.11111111, -3.4444443999999996, 6.5555553, -3.1111112000000003, 3.3333333, 1.0, -2.132635, 'FOLIAGE'],
  [51.0, 64.0, 9.0, 0.0, 0.0, 17.5, 1.2064549999999998, 0.6666673000000001, 0.6992055, 40.0, 35.22222, 50.11111, 34.666668, -14.333332999999998, 30.333334000000004, -16.0, 50.11111, 0.31010145, -2.0302689999999997, 'CEMENT'],
  [193.0, 154.0, 9.0, 0.0, 0.0, 1.7222217, 2.5518515, 2.0, 1.8666656000000004, 28.148148, 21.555555, 39.555557, 23.333334, -19.777779000000002, 34.22222, -14.444445000000002, 39.555557, 0.45353317, -2.1910727000000003, 'CEMENT'],
  [187.0, 134.0, 9.0, 0.11111111, 0.0, 2.9999998, 2.0444458, 1.1111116, 0.38518462, 26.703703000000004, 20.333334, 37.444443, 22.333334, -19.11111, 32.22222, -13.111111, 37.444443, 0.45775157, -2.2164599999999997, 'WINDOW'],
  [205.0, 83.0, 9.0, 0.0, 0.0, 24.555555, 688.0741, 8.333333, 121.24443000000001, 23.296297, 19.777779000000002, 28.555555, 21.555555, -10.555555, 15.777778, -5.222222299999999, 28.555555, 0.5041609, -2.3213427, 'FOLIAGE'],
  [54.0, 140.0, 9.0, 0.11111111, 0.0, 0.72222215, 0.44305320000000004, 1.7777777, 1.0470418, 8.333333, 3.7777777, 14.0, 7.222222299999999, -13.666667000000002, 17.0, -3.3333333, 14.0, 0.73447025, -2.4423232000000006, 'FOLIAGE'],
  [103.0, 185.0, 9.0, 0.0, 0.0, 1.8333324, 4.655558, 9.888888, 94.91854000000001, 30.888890000000004, 27.777779, 37.0, 27.888890000000004, -9.333333, 18.333334, -9.0, 37.555557, 0.25044397, -2.4505804, 'PATH'],
  [59.0, 135.0, 9.0, 0.0, 0.0, 0.16666667, 0.18257421, 0.055555556, 0.13608277, 0.48148149999999995, 0.0, 1.4444443999999999, 0.0, -1.4444443999999999, 2.8888887999999997, -1.4444443999999999, 1.4444443999999999, 1.0, -2.0943952, 'WINDOW'],
  [228.0, 91.0, 9.0, 0.0, 0.0, 0.72222227, 0.1962963, 1.1111111999999999, 0.38518512, 2.6296296000000003, 0.44444445, 6.222222299999999, 1.2222222, -6.5555553, 10.777778, -4.222222299999999, 6.222222299999999, 0.9398148000000001, -2.2257352000000004, 'FOLIAGE'],
  [224.0, 95.0, 9.0, 0.0, 0.0, 1.2222223, 0.47407404, 1.0555557, 0.7296295, 3.5185184, 0.8888889000000001, 7.222222299999999, 2.4444444, -7.888889, 11.111111, -3.2222223, 7.222222299999999, 0.88955027, -2.3489873, 'FOLIAGE'],
  [21.0, 147.0, 9.0, 0.11111111, 0.0, 1.9444445, 1.6185181, 1.3333331, 0.8444448, 6.259258999999999, 5.777777700000001, 8.444445, 4.5555553, -1.4444443999999999, 6.5555553, -5.111111, 8.666667, 0.46406928, -1.5843413, 'CEMENT'],
  [82.0, 138.0, 9.0, 0.0, 0.0, 0.8888889000000001, 0.51851845, 0.88888884, 0.3851853, 1.4074073999999999, 0.0, 3.7777777, 0.44444445, -4.222222299999999, 7.111111, -2.8888887999999997, 3.7777777, 1.0, -2.1739607000000003, 'FOLIAGE'],
  [240.0, 79.0, 9.0, 0.0, 0.0, 16.277779000000002, 40.862957, 14.166667000000002, 155.3222, 32.77778, 24.333334, 45.77778, 28.222221, -25.333334, 39.0, -13.666667000000002, 45.77778, 0.48906165, -2.2862953999999998, 'FOLIAGE'],
  [226.0, 131.0, 9.0, 0.0, 0.0, 0.0, 0.0, 0.0, 0.0, 0.0, 0.0, 0.0, 0.0, 0.0, 0.0, 0.0, 0.0, 0.0, 0.0, 'WINDOW'],
  [35.0, 135.0, 9.0, 0.0, 0.0, 0.22222225, 0.118518546, 0.22222225, 0.118518546, 0.22222222, 0.0, 0.6666667, 0.0, -0.6666667, 1.3333334, -0.6666667, 0.6666667, 0.33333334, -2.0943952, 'FOLIAGE'],
  [33.0, 149.0, 9.0, 0.0, 0.0, 0.5555555999999999, 0.25185165, 0.72222227, 0.15185171, 5.4444447, 4.111111, 8.666667, 3.5555556000000004, -4.0, 9.666667, -5.6666665, 8.666667, 0.5783389, -1.9857028, 'BRICKFACE'],
  [112.0, 120.0, 9.0, 0.11111111, 0.0, 1.3333334, 1.0327947, 2.222222, 1.7083671000000002, 21.555555, 17.555555, 28.666665999999996, 18.444445, -12.0, 21.333334, -9.333333, 28.666665999999996, 0.38675025, -2.1774175, 'WINDOW'],
  [231.0, 91.0, 9.0, 0.0, 0.0, 0.4999999, 0.27888656, 0.5555554, 0.17213255, 6.0, 4.5555553, 9.777778, 3.6666667, -4.3333335, 11.333333, -7.0, 9.777778, 0.62065095, -1.9349096999999997, 'WINDOW'],
  [22.0, 114.0, 9.0, 0.11111111, 0.0, 0.94444436, 1.1626916, 1.1666664, 0.40824813, 30.481482, 24.444445, 40.77778, 26.222221, -18.11111, 30.888890000000004, -12.777778, 40.77778, 0.4005362, -2.2071579, 'WINDOW'],
  [212.0, 140.0, 9.0, 0.0, 0.0, 3.8333333, 4.204495, 0.66666657, 0.6666667, 2.8888887999999997, 2.6666667, 3.3333333, 2.6666667, -0.6666667, 1.3333334, -0.6666667, 3.3333333, 0.06888328, -2.0943952, 'WINDOW'],
  [44.0, 123.0, 9.0, 0.0, 0.0, 1.0555556000000001, 0.99629647, 1.0000001, 0.8444444, 1.4814813999999998, 0.22222222, 3.6666667, 0.5555555999999999, -3.7777777, 6.5555553, -2.7777777, 3.6666667, 0.96190476, -2.1617603, 'FOLIAGE'],
  [117.0, 147.0, 9.0, 0.0, 0.0, 0.6111111, 0.10740735, 0.77777785, 0.5629629, 6.777777700000001, 5.4444447, 11.0, 3.8888887999999997, -4.0, 12.666667, -8.666667, 11.0, 0.64367795, -1.7833879000000001, 'BRICKFACE'],
  [120.0, 89.0, 9.0, 0.11111111, 0.0, 4.0, 9.555553999999999, 5.8333335, 11.85555, 10.481482000000002, 5.777777700000001, 17.11111, 8.555555, -14.111111, 19.88889, -5.777777700000001, 17.11111, 0.6866853, -2.356793, 'FOLIAGE'],
  [54.0, 138.0, 9.0, 0.0, 0.0, 0.22222221, 0.29629624, 0.38888893, 0.4185185, 0.25925925, 0.0, 0.6666667, 0.11111111, -0.7777778000000001, 1.2222222, -0.44444445, 0.6666667, 0.33333334, -2.1814387, 'FOLIAGE'],
  [132.0, 91.0, 9.0, 0.0, 0.11111111, 18.944445, 188.50739, 33.444447, 889.3629, 42.814816, 35.88889, 52.66666800000001, 39.88889, -20.777779000000002, 29.555555, -8.777778, 52.66666800000001, 0.39882392, -2.3460567, 'FOLIAGE'],
  [156.0, 154.0, 9.0, 0.0, 0.0, 0.27777779999999996, 0.32773070000000004, 0.77777773, 0.544331, 1.7407408, 1.0, 3.5555556000000004, 0.6666667, -2.2222223, 5.4444447, -3.2222223, 3.5555556000000004, 0.8388889, -1.9882019, 'WINDOW'],
  [46.0, 131.0, 9.0, 0.0, 0.0, 0.27777776, 0.06296298, 1.7777777, 1.8518522000000002, 1.4074073999999999, 0.7777778000000001, 2.7777777, 0.6666667, -1.8888888, 4.111111, -2.2222223, 2.7777777, 0.77037036, -2.0513444, 'WINDOW'],
  [77.0, 135.0, 9.0, 0.0, 0.0, 0.22222221, 0.029629624, 0.22222221, 0.029629624, 0.7777778000000001, 0.0, 2.3333334999999997, 0.0, -2.3333333, 4.6666665, -2.3333333, 2.3333334999999997, 1.0, -2.0943952, 'WINDOW'],
  [7.0, 134.0, 9.0, 0.0, 0.0, 0.055555562999999995, 0.018518523999999998, 0.055555556, 0.01851852, 0.037037037, 0.0, 0.11111111, 0.0, -0.11111111, 0.22222222, -0.11111111, 0.11111111, 0.11111111, -2.0943952, 'FOLIAGE'],
  [59.0, 111.0, 9.0, 0.0, 0.0, 0.27777767, 0.15185185, 0.4999999, 0.12222217, 5.4444447, 6.4444447, 7.0, 2.8888887999999997, 3.0, 4.6666665, -7.666666499999999, 7.222222299999999, 0.60119045, -1.1813878999999998, 'BRICKFACE'],
  [201.0, 120.0, 9.0, 0.11111111, 0.0, 3.9444443999999996, 14.774076, 3.722222, 9.618522, 3.7407407999999998, 1.4444443999999999, 7.666666499999999, 2.1111112000000003, -6.888889, 11.777778, -4.888889, 7.666666499999999, 0.8930539000000001, -2.180291, 'FOLIAGE'],
  [125.0, 149.0, 9.0, 0.0, 0.0, 0.0, 0.0, 0.0, 0.0, 0.0, 0.0, 0.0, 0.0, 0.0, 0.0, 0.0, 0.0, 0.0, 0.0, 'WINDOW'],
  [127.0, 143.0, 9.0, 0.0, 0.0, 1.5, 0.12222214, 0.88888884, 0.60740745, 4.185185, 0.8888889000000001, 9.444445, 2.2222223, -9.888889, 15.777778, -5.888889, 9.444445, 0.915376, -2.2574123999999998, 'FOLIAGE'],
  [18.0, 145.0, 9.0, 0.0, 0.0, 0.38888896, 0.018518496000000002, 0.6111111, 0.3740741, 3.925926, 5.5555553, 4.0, 2.2222223, 4.888889, 0.22222222, -5.111111, 5.5555553, 0.6005291, -0.57094, 'BRICKFACE'],
  [254.0, 159.0, 9.0, 0.0, 0.0, 3.5555553, 7.5407399999999996, 14.833332999999998, 152.7, 36.62963, 31.333334000000004, 46.22222, 32.333335999999996, -15.888889, 28.777779, -12.888889, 46.22222, 0.29484537, -2.316872, 'PATH'],
  [90.0, 116.0, 9.0, 0.0, 0.0, 1.277778, 0.85418403, 1.3333336, 1.1352925, 18.74074, 11.777778, 29.555555, 14.888889, -20.88889, 32.444443, -11.555555, 29.555555, 0.5961039, -2.2599666000000003, 'FOLIAGE'],
  [155.0, 127.0, 9.0, 0.0, 0.0, 2.1666667, 1.7094506999999999, 15.388888, 4.1441669999999995, 36.51852, 35.88889, 41.0, 32.666668, -1.8888888, 13.444445000000002, -11.555555, 41.0, 0.2045359, -1.6767696, 'CEMENT'],
  [59.0, 139.0, 9.0, 0.0, 0.0, 6.8888893, 6.9629517000000005, 1.6666666, 0.80000025, 16.37037, 12.444445, 23.666666, 13.0, -11.777778, 21.88889, -10.111111, 23.666666, 0.48272505, -2.1182232000000005, 'CEMENT'],
  [121.0, 134.0, 9.0, 0.0, 0.0, 0.22222228, 0.029629644, 0.8333333, 0.07777786, 1.6666666, 0.6666667, 4.0, 0.33333334, -3.0, 7.0, -4.0, 4.0, 0.93703705, -2.0131435, 'WINDOW'],
  [161.0, 136.0, 9.0, 0.0, 0.0, 0.6111111, 0.19629627, 0.44444442, 0.074074, 5.6296295999999995, 7.111111, 6.4444447, 3.3333333, 4.4444447, 2.4444444, -6.888889, 7.222222299999999, 0.53571427, -0.8965325999999999, 'BRICKFACE'],
  [229.0, 24.0, 9.0, 0.0, 0.0, 1.7777779999999999, 1.1088876, 1.2222233, 1.0470423, 49.185184, 42.333335999999996, 61.22221999999999, 44.0, -20.555555, 36.11111, -15.555554999999998, 61.22221999999999, 0.3086199, -2.1867971, 'CEMENT'],
  [61.0, 119.0, 9.0, 0.0, 0.0, 0.83333325, 0.8333332, 1.0555555, 0.95185167, 1.2222222, 0.11111111, 3.2222223, 0.33333334, -3.3333333, 6.0, -2.6666667, 3.2222223, 0.9841270000000001, -2.133095, 'FOLIAGE'],
  [17.0, 110.0, 9.0, 0.11111111, 0.0, 1.2777778, 1.2629629, 2.7222223, 2.9962952, 3.9629629, 1.4444443999999999, 6.4444447, 4.0, -7.5555553, 7.4444447, 0.11111111, 6.4444447, 0.80665785, -2.6186507000000003, 'FOLIAGE'],
  [142.0, 140.0, 9.0, 0.0, 0.0, 4.222222299999999, 1.2938595, 1.5, 0.7226494000000001, 26.444445, 23.444445, 32.333335999999996, 23.555555, -9.0, 17.666666, -8.666667, 32.333335999999996, 0.2850997, -2.1004875, 'CEMENT'],
  [66.0, 101.0, 9.0, 0.11111111, 0.0, 0.7222225999999999, 0.32962933, 2.2222223, 0.6518524, 19.037036999999998, 19.666667999999998, 23.555555, 13.888889, 1.8888888, 13.555554999999998, -15.444445000000002, 23.555555, 0.41026655, -1.4575915000000002, 'BRICKFACE'],
  [117.0, 137.0, 9.0, 0.0, 0.0, 0.27777776, 0.3896817, 0.38888887, 0.25092417, 0.7777778000000001, 0.0, 2.2222223, 0.11111111, -2.3333333, 4.3333335, -2.0, 2.2222223, 1.0, -2.123254, 'FOLIAGE'],
  [221.0, 154.0, 9.0, 0.11111111, 0.11111111, 4.222222299999999, 2.7407369999999998, 1.2777778, 0.5962960999999999, 6.4814815999999995, 4.3333335, 10.777778, 4.3333335, -6.4444447, 12.888889, -6.4444447, 10.777778, 0.6248001999999999, -2.0879846, 'WINDOW'],
  [10.0, 137.0, 9.0, 0.0, 0.0, 0.5555555, 0.07407411, 0.27777779999999996, 0.018518511, 0.9259259, 0.11111111, 2.6666667, 0.0, -2.4444444, 5.222222299999999, -2.7777777, 2.6666667, 1.0, -2.0561552, 'WINDOW'],
  [151.0, 129.0, 9.0, 0.0, 0.0, 8.055556, 8.141569, 0.72222203, 0.8277585, 32.037037, 27.555555, 41.11111, 27.444445, -13.444445000000002, 27.222221, -13.777778, 41.11111, 0.33840729999999997, -2.0787966, 'CEMENT'],
  [153.0, 116.0, 9.0, 0.0, 0.0, 3.2777777, 2.4713163, 1.1111107, 0.8344438, 29.444445, 25.0, 38.333335999999996, 25.0, -13.333332999999998, 26.666665999999996, -13.333332999999998, 38.333335999999996, 0.35575584, -2.0907812, 'CEMENT'],
  [56.0, 141.0, 9.0, 0.0, 0.0, 0.16666669, 0.18257418, 0.33333337, -1.5894573e-08, 0.18518518, 0.0, 0.5555555999999999, 0.0, -0.5555555999999999, 1.1111111999999999, -0.5555555999999999, 0.5555555999999999, 0.5555555999999999, -2.0943952, 'WINDOW'],
  [196.0, 95.0, 9.0, 0.0, 0.0, 1.7222220000000001, 1.1238165, 1.3333335, 1.2649110000000001, 7.6296296, 6.777777700000001, 10.777778, 5.3333335, -2.5555556, 9.444445, -6.888889, 10.777778, 0.51256585, -1.7492584, 'WINDOW'],
  [14.0, 110.0, 9.0, 0.0, 0.0, 1.7222224, 5.351850499999999, 2.6666667, 1.0222229, 17.925926, 18.88889, 21.444445, 13.444445000000002, 2.8888887999999997, 10.555555, -13.444445000000002, 21.444445, 0.36884832, -1.3450956, 'BRICKFACE'],
  [114.0, 102.0, 9.0, 0.0, 0.0, 1.1111111999999999, 1.2296298, 1.1666665, 0.8777780000000001, 4.037037000000001, 1.0, 8.444445, 2.6666667, -9.111111, 13.222222, -4.111111, 8.444445, 0.8912177, -2.3161116, 'FOLIAGE'],
  [108.0, 138.0, 9.0, 0.0, 0.0, 0.2777777, 0.062962934, 0.5, 0.12222223, 3.1851852000000003, 1.4444443999999999, 6.666666499999999, 1.4444443999999999, -5.222222299999999, 10.444445, -5.222222299999999, 6.666666499999999, 0.79960316, -2.08783, 'WINDOW'],
  [189.0, 107.0, 9.0, 0.0, 0.0, 2.6666667, 0.69920635, 0.8333333, 0.7226496, 27.777779, 23.444445, 35.11111, 24.777779000000002, -13.0, 22.0, -9.0, 35.11111, 0.33240729999999996, -2.2014953999999998, 'WINDOW'],
  [139.0, 109.0, 9.0, 0.0, 0.0, 0.88888866, 0.8344436, 0.277778, 0.38968176, 29.407408, 24.777779000000002, 37.11111, 26.333334000000004, -13.888889, 23.11111, -9.222222, 37.11111, 0.33195418, -2.2261610000000003, 'WINDOW'],
  [84.0, 134.0, 9.0, 0.0, 0.0, 0.44444442, 0.118518464, 0.72222215, 0.1518519, 2.1111112000000003, 1.0, 4.6666669999999995, 0.6666667, -3.3333333, 7.666666499999999, -4.3333335, 4.6666669999999995, 0.8740741, -2.0131435, 'WINDOW'],
  [77.0, 186.0, 9.0, 0.0, 0.0, 1.9999996, 2.6666656000000004, 2.333333, 3.5555557999999996, 34.962963, 31.111109999999996, 43.444443, 30.333334000000004, -11.555555, 25.444445, -13.888889, 43.444443, 0.30337659999999994, -2.0366416000000003, 'PATH'],
  [108.0, 144.0, 9.0, 0.0, 0.0, 0.38888893, 0.15185183, 0.22222222, 0.07407406, 0.9629629999999999, 0.0, 2.8888887999999997, 0.0, -2.8888887999999997, 5.777777700000001, -2.8888887999999997, 2.8888887999999997, 1.0, -2.0943952, 'FOLIAGE'],
  [138.0, 137.0, 9.0, 0.11111111, 0.0, 1.666667, 1.7777778999999998, 1.0000001, 0.17777735, 7.6296296, 3.1111112000000003, 13.888889, 5.888889, -13.555554999999998, 18.777779000000002, -5.222222299999999, 13.888889, 0.77986646, -2.3607820999999998, 'FOLIAGE'],
  [14.0, 146.0, 9.0, 0.11111111, 0.0, 0.8888889999999999, 0.47407380000000005, 1.1111111999999999, 0.7407406999999999, 10.592592, 8.0, 15.666667000000002, 8.111112, -7.777777700000001, 15.222222, -7.4444447, 15.666667000000002, 0.48786426, -2.1089108, 'CEMENT'],
  [87.0, 135.0, 9.0, 0.0, 0.0, 0.38888887, 0.24074073, 0.33333334, 0.17777777, 0.9629629999999999, 0.0, 2.7777777, 0.11111111, -2.8888887999999997, 5.4444447, -2.5555556, 2.7777777, 1.0, -2.1175485000000003, 'FOLIAGE'],
  [123.0, 136.0, 9.0, 0.0, 0.0, 0.5555555, 1.0962964, 0.6666666, 1.3333331, 1.1111111999999999, 0.11111111, 3.0, 0.22222222, -3.0, 5.6666665, -2.6666667, 3.0, 0.9861110999999999, -2.1109742999999996, 'FOLIAGE'],
  [68.0, 103.0, 9.0, 0.0, 0.0, 0.66666675, 0.57777774, 1.111111, 0.96296334, 2.148148, 0.11111111, 5.6666665, 0.6666667, -6.111111, 10.555555, -4.4444447, 5.6666665, 0.9876543, -2.1854658, 'FOLIAGE'],
  [25.0, 138.0, 9.0, 0.11111111, 0.0, 1.2777777, 1.1434193000000001, 0.72222215, 0.49065349, 5.185185, 2.0, 9.333333999999999, 4.222222299999999, -9.555555, 12.444445, -2.8888887999999997, 9.333333999999999, 0.7900111999999999, -2.4068089, 'FOLIAGE'],
  [67.0, 118.0, 9.0, 0.0, 0.0, 1.111111, 0.38518602, 2.2777777, 4.2851844, 21.11111, 20.222220999999998, 27.333334000000004, 15.777778, -2.6666667, 18.666666, -16.0, 27.333334000000004, 0.41688403, -1.620749, 'BRICKFACE'],
  [182.0, 135.0, 9.0, 0.0, 0.0, 4.222222, 1.1287482, 1.1111103, 1.0255978000000001, 32.703705, 28.555555, 41.0, 28.555555, -12.444445, 24.88889, -12.444445, 41.0, 0.30882394, -2.0932033, 'CEMENT'],
  [120.0, 136.0, 9.0, 0.0, 0.0, 0.61111116, 0.41851869999999997, 1.0000001, 0.4444444, 6.259258999999999, 7.777777700000001, 7.222222299999999, 3.7777777, 4.5555553, 2.8888887999999997, -7.4444447, 8.0, 0.52954143, -0.92460656, 'BRICKFACE'],
  [60.0, 132.0, 9.0, 0.0, 0.0, 0.11111113, 0.029629637, 0.22222222, 0.029629637, 0.37037036, 0.0, 1.1111111999999999, 0.0, -1.1111111999999999, 2.2222223, -1.1111111999999999, 1.1111111999999999, 0.8888889000000001, -2.0943952, 'FOLIAGE'],
  [23.0, 147.0, 9.0, 0.0, 0.0, 0.33333337, 0.13333334, 0.72222215, 0.41851825, 4.5925927, 4.111111, 7.4444447, 2.2222223, -1.4444443999999999, 8.555555, -7.111111, 7.666666499999999, 0.6984448, -1.5617536, 'BRICKFACE'],
  [104.0, 134.0, 9.0, 0.0, 0.0, 0.5, 0.18257418, 0.8333333, 0.27888662, 1.7777778000000002, 0.11111111, 3.8888887999999997, 1.3333334, -5.0, 6.3333335, -1.3333334, 3.8888887999999997, 0.9777778, -2.4225056, 'FOLIAGE'],
  [51.0, 141.0, 9.0, 0.0, 0.0, 0.5555555999999999, 0.11851845, 0.22222225, 0.074074075, 0.7037036999999999, 0.33333334, 1.7777778000000002, 0.0, -1.1111111999999999, 3.2222223, -2.1111112000000003, 1.7777778000000002, 0.8888889000000001, -1.9212171000000002, 'WINDOW'],
  [128.0, 161.0, 9.0, 0.0, 0.0, 0.55555534, 0.25185192, 0.77777785, 0.16296278, 7.148148, 5.5555553, 10.888889, 5.0, -4.777777700000001, 11.222222, -6.4444447, 10.888889, 0.5409177, -1.9963073, 'CEMENT'],
  [55.0, 128.0, 9.0, 0.0, 0.0, 0.3333334, 0.044444483, 0.38888893, 0.15185179999999998, 5.037037000000001, 6.888889, 5.4444447, 2.7777777, 5.5555553, 1.2222222, -6.777777700000001, 6.888889, 0.59391534, -0.6886007, 'BRICKFACE'],
  [172.0, 138.0, 9.0, 0.0, 0.0, 2.4444444, 10.074077, 7.833333500000001, 49.633342999999996, 12.185185, 8.222222, 19.222220999999998, 9.111111, -11.888889, 21.11111, -9.222222, 19.222220999999998, 0.6152501, -2.1720990000000002, 'WINDOW'],
  [90.0, 134.0, 9.0, 0.0, 0.0, 0.38888887, 0.018518528, 0.94444436, 0.1518523, 2.1111112000000003, 1.0, 4.6666669999999995, 0.6666667, -3.3333333, 7.666666499999999, -4.3333335, 4.6666669999999995, 0.88148147, -2.0131435, 'WINDOW'],
  [81.0, 126.0, 9.0, 0.0, 0.11111111, 1.9444443, 1.12963, 1.0555555, 0.28518513, 2.9629629, 0.5555555999999999, 6.5555553, 1.7777778000000002, -7.222222299999999, 10.777778, -3.5555556000000004, 6.5555553, 0.93570626, -2.2890973, 'FOLIAGE'],
  [49.0, 139.0, 9.0, 0.0, 0.0, 0.16666669, 0.07777779, 0.33333337, 0.08888889999999999, 0.44444445, 0.0, 1.3333334, 0.0, -1.3333334, 2.6666667, -1.3333334, 1.3333334, 0.7777778000000001, -2.0943952, 'FOLIAGE']]

Last Cross Validation Set Predicted Values: 
(Predicted Value, Actual Value)
WINDOW, WINDOW
WINDOW, WINDOW
WINDOW, WINDOW
WINDOW, WINDOW
WINDOW, WINDOW
WINDOW, WINDOW
WINDOW, WINDOW
WINDOW, WINDOW
WINDOW, WINDOW
WINDOW, WINDOW
WINDOW, WINDOW
PATH, WINDOW
WINDOW, WINDOW
WINDOW, WINDOW
WINDOW, WINDOW
WINDOW, WINDOW
WINDOW, WINDOW
WINDOW, WINDOW
WINDOW, WINDOW
WINDOW, WINDOW
WINDOW, WINDOW
WINDOW, WINDOW
WINDOW, WINDOW
WINDOW, WINDOW
FOLIAGE, WINDOW
WINDOW, WINDOW
WINDOW, WINDOW
WINDOW, WINDOW
WINDOW, WINDOW
WINDOW, WINDOW
WINDOW, WINDOW
WINDOW, WINDOW
BRICKFACE, WINDOW
WINDOW, WINDOW
WINDOW, WINDOW
WINDOW, WINDOW
WINDOW, WINDOW
WINDOW, WINDOW
WINDOW, WINDOW
WINDOW, WINDOW
WINDOW, WINDOW
WINDOW, WINDOW
WINDOW, WINDOW
WINDOW, WINDOW
WINDOW, WINDOW
WINDOW, WINDOW
WINDOW, WINDOW
WINDOW, WINDOW
WINDOW, WINDOW
WINDOW, WINDOW
WINDOW, WINDOW
WINDOW, WINDOW
WINDOW, WINDOW
WINDOW, WINDOW
CEMENT, WINDOW
WINDOW, WINDOW
WINDOW, WINDOW
WINDOW, WINDOW
WINDOW, WINDOW
WINDOW, WINDOW
WINDOW, WINDOW
WINDOW, WINDOW
WINDOW, WINDOW
WINDOW, WINDOW
WINDOW, WINDOW
WINDOW, WINDOW
CEMENT, CEMENT
CEMENT, CEMENT
CEMENT, CEMENT
CEMENT, CEMENT
CEMENT, CEMENT
CEMENT, CEMENT
CEMENT, CEMENT
CEMENT, CEMENT
CEMENT, CEMENT
CEMENT, CEMENT
WINDOW, CEMENT
CEMENT, CEMENT
CEMENT, CEMENT
FOLIAGE, CEMENT
CEMENT, CEMENT
CEMENT, CEMENT
CEMENT, CEMENT
CEMENT, CEMENT
CEMENT, CEMENT
WINDOW, CEMENT
CEMENT, CEMENT
CEMENT, CEMENT
CEMENT, CEMENT
CEMENT, CEMENT
CEMENT, CEMENT
CEMENT, CEMENT
CEMENT, CEMENT
CEMENT, CEMENT
CEMENT, CEMENT
CEMENT, CEMENT
CEMENT, CEMENT
CEMENT, CEMENT
CEMENT, CEMENT
CEMENT, CEMENT
CEMENT, CEMENT
CEMENT, CEMENT
CEMENT, CEMENT
CEMENT, CEMENT
CEMENT, CEMENT
CEMENT, CEMENT
CEMENT, CEMENT
WINDOW, CEMENT
FOLIAGE, CEMENT
CEMENT, CEMENT
PATH, CEMENT
CEMENT, CEMENT
CEMENT, CEMENT
CEMENT, CEMENT
CEMENT, CEMENT
CEMENT, CEMENT
CEMENT, CEMENT
CEMENT, CEMENT
CEMENT, CEMENT
CEMENT, CEMENT
WINDOW, CEMENT
CEMENT, CEMENT
CEMENT, CEMENT
CEMENT, CEMENT
CEMENT, CEMENT
CEMENT, CEMENT
CEMENT, CEMENT
CEMENT, CEMENT
CEMENT, CEMENT
CEMENT, CEMENT
CEMENT, CEMENT
CEMENT, CEMENT
SKY, SKY
SKY, SKY
SKY, SKY
SKY, SKY
SKY, SKY
SKY, SKY
SKY, SKY
SKY, SKY
SKY, SKY
SKY, SKY
SKY, SKY
SKY, SKY
SKY, SKY
SKY, SKY
SKY, SKY
SKY, SKY
SKY, SKY
SKY, SKY
SKY, SKY
SKY, SKY
SKY, SKY
SKY, SKY
SKY, SKY
SKY, SKY
SKY, SKY
SKY, SKY
SKY, SKY
SKY, SKY
SKY, SKY
SKY, SKY
SKY, SKY
SKY, SKY
SKY, SKY
SKY, SKY
SKY, SKY
SKY, SKY
SKY, SKY
SKY, SKY
SKY, SKY
SKY, SKY
SKY, SKY
SKY, SKY
SKY, SKY
SKY, SKY
SKY, SKY
SKY, SKY
SKY, SKY
FOLIAGE, SKY
SKY, SKY
SKY, SKY
SKY, SKY
SKY, SKY
SKY, SKY
SKY, SKY
SKY, SKY
SKY, SKY
SKY, SKY
SKY, SKY
SKY, SKY
SKY, SKY
SKY, SKY
SKY, SKY
SKY, SKY
SKY, SKY
SKY, SKY
SKY, SKY
GRASS, GRASS
GRASS, GRASS
GRASS, GRASS
GRASS, GRASS
GRASS, GRASS
GRASS, GRASS
GRASS, GRASS
GRASS, GRASS
GRASS, GRASS
GRASS, GRASS
GRASS, GRASS
GRASS, GRASS
GRASS, GRASS
CEMENT, GRASS
GRASS, GRASS
GRASS, GRASS
GRASS, GRASS
GRASS, GRASS
GRASS, GRASS
GRASS, GRASS
GRASS, GRASS
GRASS, GRASS
GRASS, GRASS
GRASS, GRASS
GRASS, GRASS
GRASS, GRASS
GRASS, GRASS
GRASS, GRASS
GRASS, GRASS
GRASS, GRASS
GRASS, GRASS
GRASS, GRASS
GRASS, GRASS
GRASS, GRASS
GRASS, GRASS
GRASS, GRASS
GRASS, GRASS
GRASS, GRASS
GRASS, GRASS
GRASS, GRASS
GRASS, GRASS
GRASS, GRASS
GRASS, GRASS
GRASS, GRASS
GRASS, GRASS
GRASS, GRASS
GRASS, GRASS
GRASS, GRASS
GRASS, GRASS
GRASS, GRASS
GRASS, GRASS
GRASS, GRASS
GRASS, GRASS
GRASS, GRASS
GRASS, GRASS
GRASS, GRASS
GRASS, GRASS
GRASS, GRASS
GRASS, GRASS
GRASS, GRASS
GRASS, GRASS
GRASS, GRASS
GRASS, GRASS
GRASS, GRASS
GRASS, GRASS
GRASS, GRASS
PATH, PATH
PATH, PATH
PATH, PATH
PATH, PATH
PATH, PATH
PATH, PATH
PATH, PATH
PATH, PATH
PATH, PATH
PATH, PATH
PATH, PATH
PATH, PATH
PATH, PATH
PATH, PATH
PATH, PATH
PATH, PATH
PATH, PATH
PATH, PATH
PATH, PATH
PATH, PATH
PATH, PATH
PATH, PATH
PATH, PATH
PATH, PATH
PATH, PATH
PATH, PATH
PATH, PATH
PATH, PATH
PATH, PATH
PATH, PATH
PATH, PATH
PATH, PATH
PATH, PATH
PATH, PATH
PATH, PATH
PATH, PATH
PATH, PATH
PATH, PATH
PATH, PATH
PATH, PATH
PATH, PATH
PATH, PATH
PATH, PATH
PATH, PATH
PATH, PATH
PATH, PATH
PATH, PATH
PATH, PATH
PATH, PATH
PATH, PATH
PATH, PATH
PATH, PATH
PATH, PATH
PATH, PATH
PATH, PATH
PATH, PATH
PATH, PATH
PATH, PATH
PATH, PATH
PATH, PATH
PATH, PATH
PATH, PATH
PATH, PATH
PATH, PATH
PATH, PATH
PATH, PATH
FOLIAGE, FOLIAGE
FOLIAGE, FOLIAGE
FOLIAGE, FOLIAGE
FOLIAGE, FOLIAGE
FOLIAGE, FOLIAGE
FOLIAGE, FOLIAGE
FOLIAGE, FOLIAGE
FOLIAGE, FOLIAGE
WINDOW, FOLIAGE
WINDOW, FOLIAGE
FOLIAGE, FOLIAGE
FOLIAGE, FOLIAGE
WINDOW, FOLIAGE
FOLIAGE, FOLIAGE
FOLIAGE, FOLIAGE
FOLIAGE, FOLIAGE
FOLIAGE, FOLIAGE
FOLIAGE, FOLIAGE
FOLIAGE, FOLIAGE
FOLIAGE, FOLIAGE
FOLIAGE, FOLIAGE
WINDOW, FOLIAGE
FOLIAGE, FOLIAGE
FOLIAGE, FOLIAGE
FOLIAGE, FOLIAGE
FOLIAGE, FOLIAGE
FOLIAGE, FOLIAGE
FOLIAGE, FOLIAGE
FOLIAGE, FOLIAGE
FOLIAGE, FOLIAGE
FOLIAGE, FOLIAGE
FOLIAGE, FOLIAGE
FOLIAGE, FOLIAGE
WINDOW, FOLIAGE
FOLIAGE, FOLIAGE
WINDOW, FOLIAGE
FOLIAGE, FOLIAGE
FOLIAGE, FOLIAGE
FOLIAGE, FOLIAGE
FOLIAGE, FOLIAGE
FOLIAGE, FOLIAGE
FOLIAGE, FOLIAGE
FOLIAGE, FOLIAGE
FOLIAGE, FOLIAGE
FOLIAGE, FOLIAGE
FOLIAGE, FOLIAGE
FOLIAGE, FOLIAGE
FOLIAGE, FOLIAGE
FOLIAGE, FOLIAGE
FOLIAGE, FOLIAGE
FOLIAGE, FOLIAGE
BRICKFACE, FOLIAGE
FOLIAGE, FOLIAGE
WINDOW, FOLIAGE
FOLIAGE, FOLIAGE
FOLIAGE, FOLIAGE
FOLIAGE, FOLIAGE
FOLIAGE, FOLIAGE
FOLIAGE, FOLIAGE
FOLIAGE, FOLIAGE
FOLIAGE, FOLIAGE
FOLIAGE, FOLIAGE
FOLIAGE, FOLIAGE
FOLIAGE, FOLIAGE
FOLIAGE, FOLIAGE
FOLIAGE, FOLIAGE
BRICKFACE, BRICKFACE
BRICKFACE, BRICKFACE
BRICKFACE, BRICKFACE
BRICKFACE, BRICKFACE
BRICKFACE, BRICKFACE
BRICKFACE, BRICKFACE
BRICKFACE, BRICKFACE
BRICKFACE, BRICKFACE
BRICKFACE, BRICKFACE
BRICKFACE, BRICKFACE
BRICKFACE, BRICKFACE
BRICKFACE, BRICKFACE
BRICKFACE, BRICKFACE
BRICKFACE, BRICKFACE
BRICKFACE, BRICKFACE
BRICKFACE, BRICKFACE
BRICKFACE, BRICKFACE
BRICKFACE, BRICKFACE
BRICKFACE, BRICKFACE
BRICKFACE, BRICKFACE
BRICKFACE, BRICKFACE
BRICKFACE, BRICKFACE
BRICKFACE, BRICKFACE
BRICKFACE, BRICKFACE
BRICKFACE, BRICKFACE
BRICKFACE, BRICKFACE
BRICKFACE, BRICKFACE
BRICKFACE, BRICKFACE
BRICKFACE, BRICKFACE
BRICKFACE, BRICKFACE
BRICKFACE, BRICKFACE
BRICKFACE, BRICKFACE
BRICKFACE, BRICKFACE
BRICKFACE, BRICKFACE
BRICKFACE, BRICKFACE
BRICKFACE, BRICKFACE
BRICKFACE, BRICKFACE
BRICKFACE, BRICKFACE
BRICKFACE, BRICKFACE
BRICKFACE, BRICKFACE
BRICKFACE, BRICKFACE
BRICKFACE, BRICKFACE
BRICKFACE, BRICKFACE
BRICKFACE, BRICKFACE
BRICKFACE, BRICKFACE
BRICKFACE, BRICKFACE
BRICKFACE, BRICKFACE
BRICKFACE, BRICKFACE
BRICKFACE, BRICKFACE
BRICKFACE, BRICKFACE
BRICKFACE, BRICKFACE
BRICKFACE, BRICKFACE
BRICKFACE, BRICKFACE
BRICKFACE, BRICKFACE
BRICKFACE, BRICKFACE
BRICKFACE, BRICKFACE
WINDOW, BRICKFACE
BRICKFACE, BRICKFACE
BRICKFACE, BRICKFACE
BRICKFACE, BRICKFACE
BRICKFACE, BRICKFACE
BRICKFACE, BRICKFACE
BRICKFACE, BRICKFACE
BRICKFACE, BRICKFACE
BRICKFACE, BRICKFACE
BRICKFACE, BRICKFACE
