Running data/ecoli.data.new.txt Experiment with k nearest = 6
Average Error Rate: 0.1903225806451613
Standard Deviation: 0.04131047895117967

Selected Condensed Data Points for Last Cross Validation:
[ [0.48, 0.42, 0.48, 0.5, 0.45, 0.25, 0.35, 'cp'],
  [0.69, 0.59, 0.48, 0.5, 0.46, 0.44, 0.52, 'pp'],
  [0.78, 0.68, 0.48, 0.5, 0.83, 0.4, 0.29, 'om'],
  [0.83, 0.37, 0.48, 0.5, 0.61, 0.71, 0.74, 'im'],
  [0.63, 0.42, 0.48, 0.5, 0.48, 0.77, 0.8, 'imU'],
  [0.73, 0.36, 0.48, 0.5, 0.53, 0.91, 0.92, 'im'],
  [0.5, 0.49, 0.48, 0.5, 0.49, 0.46, 0.53, 'cp'],
  [0.61, 0.52, 0.48, 0.5, 0.54, 0.67, 0.52, 'im'],
  [0.72, 0.46, 0.48, 0.5, 0.51, 0.66, 0.7, 'im'],
  [0.12, 0.67, 0.48, 0.5, 0.74, 0.58, 0.63, 'im'],
  [0.76, 0.41, 0.48, 0.5, 0.5, 0.59, 0.62, 'imU'],
  [0.79, 0.54, 0.48, 0.5, 0.5, 0.66, 0.68, 'imU'],
  [0.55, 0.47, 0.48, 0.5, 0.57, 0.78, 0.8, 'im'],
  [0.67, 0.39, 0.48, 0.5, 0.36, 0.38, 0.46, 'cp'],
  [0.3, 0.51, 0.48, 0.5, 0.42, 0.61, 0.34, 'im'],
  [0.67, 0.37, 0.48, 0.5, 0.54, 0.64, 0.68, 'imU'],
  [0.84, 0.44, 0.48, 0.5, 0.48, 0.71, 0.74, 'im'],
  [0.66, 0.48, 0.48, 0.5, 0.54, 0.7, 0.74, 'imU'],
  [0.86, 0.39, 0.48, 0.5, 0.59, 0.89, 0.9, 'imU'],
  [0.23, 0.58, 0.48, 0.5, 0.37, 0.53, 0.59, 'cp'],
  [0.81, 0.52, 0.48, 0.5, 0.57, 0.78, 0.8, 'imU'],
  [0.47, 0.46, 0.48, 0.5, 0.62, 0.74, 0.77, 'imU'],
  [0.74, 0.7, 0.48, 0.5, 0.66, 0.65, 0.69, 'im'],
  [0.33, 0.37, 0.48, 0.5, 0.46, 0.65, 0.69, 'im'],
  [0.54, 0.49, 0.48, 0.5, 0.4, 0.87, 0.88, 'im'],
  [0.6, 0.61, 0.48, 0.5, 0.54, 0.67, 0.71, 'im'],
  [0.34, 0.49, 0.48, 0.5, 0.58, 0.85, 0.8, 'im'],
  [0.75, 0.37, 0.48, 0.5, 0.64, 0.7, 0.74, 'imU'],
  [0.68, 0.51, 0.48, 0.5, 0.71, 0.75, 0.78, 'im'],
  [0.6, 0.46, 0.48, 0.5, 0.45, 0.81, 0.83, 'im'],
  [0.52, 0.39, 0.48, 0.5, 0.65, 0.71, 0.73, 'im'],
  [0.64, 0.76, 0.48, 0.5, 0.45, 0.35, 0.38, 'cp'],
  [0.0, 0.51, 0.48, 0.5, 0.35, 0.67, 0.44, 'im'],
  [0.7, 0.71, 0.48, 0.5, 0.42, 0.84, 0.85, 'pp'],
  [0.58, 0.6, 0.48, 0.5, 0.59, 0.73, 0.76, 'imU'],
  [0.7, 0.46, 0.48, 0.5, 0.56, 0.78, 0.73, 'im'],
  [0.74, 0.56, 0.48, 0.5, 0.47, 0.68, 0.3, 'pp'],
  [0.67, 0.81, 0.48, 0.5, 0.54, 0.49, 0.23, 'pp'],
  [0.48, 0.45, 0.48, 0.5, 0.6, 0.78, 0.8, 'im'],
  [0.81, 0.44, 0.48, 0.5, 0.42, 0.67, 0.68, 'imU'],
  [0.71, 0.4, 0.48, 0.5, 0.71, 0.7, 0.74, 'im'],
  [0.47, 0.59, 0.48, 0.5, 0.52, 0.76, 0.79, 'im'],
  [0.48, 0.49, 0.48, 0.5, 0.52, 0.77, 0.71, 'im'],
  [0.56, 0.54, 0.48, 0.5, 0.43, 0.37, 0.3, 'pp'],
  [0.61, 0.75, 0.48, 0.5, 0.51, 0.33, 0.33, 'om'],
  [0.78, 0.33, 0.48, 0.5, 0.57, 0.77, 0.79, 'imU'],
  [0.62, 0.42, 0.48, 0.5, 0.58, 0.79, 0.81, 'imU'],
  [0.16, 0.51, 0.48, 0.5, 0.33, 0.39, 0.48, 'im'],
  [0.17, 0.52, 0.48, 0.5, 0.49, 0.37, 0.46, 'cp'],
  [0.76, 0.73, 0.48, 0.5, 0.44, 0.39, 0.39, 'pp'],
  [0.63, 0.65, 0.48, 0.5, 0.39, 0.44, 0.35, 'pp'],
  [0.88, 0.42, 0.48, 0.5, 0.52, 0.73, 0.75, 'imU'],
  [0.68, 0.78, 0.48, 0.5, 0.43, 0.44, 0.42, 'pp'],
  [0.34, 0.35, 0.48, 0.5, 0.51, 0.49, 0.56, 'cp'],
  [0.57, 0.38, 0.48, 0.5, 0.06, 0.49, 0.33, 'imU'],
  [0.63, 0.5, 0.48, 0.5, 0.59, 0.85, 0.86, 'im'],
  [0.57, 0.54, 0.48, 0.5, 0.37, 0.28, 0.33, 'cp'],
  [0.49, 0.61, 1.0, 0.5, 0.56, 0.71, 0.74, 'imU'],
  [0.37, 0.52, 0.48, 0.5, 0.42, 0.42, 0.36, 'cp'],
  [0.64, 0.78, 0.48, 0.5, 0.5, 0.36, 0.38, 'pp'],
  [0.27, 0.42, 0.48, 0.5, 0.37, 0.38, 0.43, 'cp'],
  [0.65, 0.47, 0.48, 0.5, 0.59, 0.3, 0.4, 'cp'],
  [0.59, 0.49, 0.48, 0.5, 0.52, 0.45, 0.36, 'cp'],
  [0.76, 0.71, 0.48, 0.5, 0.5, 0.71, 0.75, 'imU'],
  [0.67, 0.88, 0.48, 0.5, 0.73, 0.5, 0.25, 'om'],
  [0.63, 0.8, 0.48, 0.5, 0.46, 0.31, 0.29, 'pp'],
  [0.5, 0.57, 0.48, 0.5, 0.71, 0.61, 0.66, 'im'],
  [0.53, 0.42, 0.48, 0.5, 0.16, 0.29, 0.39, 'cp'],
  [0.51, 0.5, 0.48, 0.5, 0.46, 0.32, 0.35, 'cp'],
  [0.25, 0.51, 0.48, 0.5, 0.37, 0.42, 0.5, 'cp'],
  [0.74, 0.9, 0.48, 0.5, 0.57, 0.53, 0.29, 'om'],
  [0.7, 0.53, 0.48, 0.5, 0.7, 0.86, 0.87, 'imU'],
  [0.58, 0.55, 0.48, 0.5, 0.57, 0.7, 0.74, 'im'],
  [0.65, 0.55, 0.48, 0.5, 0.34, 0.37, 0.28, 'cp'],
  [0.71, 0.52, 0.48, 0.5, 0.64, 1.0, 0.99, 'im'],
  [0.0, 0.38, 0.48, 0.5, 0.42, 0.48, 0.55, 'cp'],
  [0.61, 0.47, 0.48, 0.5, 0.0, 0.8, 0.32, 'im'],
  [0.71, 0.57, 0.48, 0.5, 0.48, 0.35, 0.32, 'pp'],
  [0.64, 0.66, 0.48, 0.5, 0.41, 0.39, 0.2, 'pp']]

Last Cross Validation Set Predicted Values: 
(Predicted Value, Actual Value)
im, imU
im, imU
im, imU
imU, imU
imU, imU
im, imU
cp, pp
pp, pp
pp, pp
cp, pp
pp, pp
pp, pp
pp, pp
pp, pp
cp, pp
pp, pp
cp, cp
cp, cp
im, cp
cp, cp
cp, cp
cp, cp
cp, cp
cp, cp
cp, cp
cp, cp
cp, cp
imU, cp
cp, cp
cp, cp
cp, cp
cp, cp
cp, cp
cp, cp
cp, cp
cp, cp
cp, cp
cp, cp
cp, cp
cp, cp
cp, cp
cp, cp
cp, cp
cp, cp
cp, om
pp, om
pp, om
cp, im
im, im
im, im
im, im
im, im
im, im
imU, im
im, im
imU, im
im, im
im, im
im, im
im, im
im, im
im, im
