Running data/soybean-small.data.new.txt Experiment with positive class = D4
Average Error Rate: 0.625
Standard Deviation: 0.0
Learned NN Model (Weights) 
array([[[ 0.35388091,  0.93304472,  0.3951538 ,  0.09997507,  0.9527159 ,
          0.95720092,  0.66125844,  0.97619882,  0.11414244,  0.35604605,
          0.24613423,  0.91589978,  0.21938502,  0.31764284,  0.29910443,
          0.06137754,  0.90587602,  0.11090472,  0.06475137,  0.94903545,
          0.83507075,  0.80232083,  0.03513058,  0.80740759,  0.28662135,
          0.45737433,  0.60343201,  0.78747768,  0.70711852,  0.40387408,
          0.5409135 ,  0.86952921,  0.47056259,  0.91101304,  0.11132738,
          0.0159475 ,  0.42997881,  0.24821354,  0.54369478,  0.78076113,
          0.11276548,  0.22266851,  0.33319071,  0.21528041,  0.18772212,
          0.17584968,  0.11109676,  0.20951853,  0.11904584,  0.03382729,
          0.99023553,  0.6810382 ,  0.01351629,  0.91934188,  0.42512733,
          0.40004652,  0.60159086,  0.77371389,  0.5529019 ,  0.91050832,
          0.68383676,  0.7622629 ,  0.75611313,  0.38073155,  0.20509514,
          0.54134055,  0.50335522,  0.42388708,  0.73213954,  0.01510872,
          0.43814738,  0.18246591,  0.95034501,  0.28062698,  0.51926036,
          0.13495344,  0.83467472,  0.67150313,  0.73828986,  0.26801324,
          0.45962426,  0.86449083,  0.58673898,  0.7527292 ,  0.56074687,
          0.31897765,  0.29638535,  0.11860236,  0.62613016,  0.67106158,
          0.01193545,  0.28177578,  0.29645249,  0.88092484,  0.350476  ,
          0.77831489,  0.34908414,  0.92909905,  0.01981854,  0.99593448,
          0.48520367,  0.58261683,  0.60160114,  0.81835382,  0.88161928,
          0.03183231,  0.32656558,  0.55624711,  0.49782272,  0.96678671,
          0.62514259,  0.00931247,  0.52278349,  0.92755318,  0.01125617,
          0.91004214,  0.82753827,  0.55677642,  0.81203943,  0.45364424,
          0.97243914,  0.71624577,  0.31447719,  0.41041337,  0.15226739,
          0.72405817,  0.40277736,  0.42385498,  0.89245581,  0.55038495,
          0.18242327,  0.18268534,  0.49576092,  0.80533188,  0.07498265,
          0.56849583,  0.76309778,  0.62119548,  0.11796249,  0.19596631,
          0.97679864,  0.90695557,  0.19752356,  0.66804465,  0.97052724,
          0.50380067,  0.67406505,  0.43642468,  0.23384771,  0.98016921,
          0.53792734,  0.431648  ,  0.86672274,  0.83873513,  0.85788401,
          0.84047451,  0.5814874 ,  0.04716686,  0.12136773,  0.05791366,
          0.33959047,  0.97594205,  0.75944042,  0.20599512,  0.22329823,
          0.08942856,  0.0351501 ,  0.96560914,  0.68552714,  0.40665779,
          0.43384623,  0.5373105 ,  0.83135338,  0.23097646,  0.56780439,
          0.9772363 ,  0.13301719,  0.11711615,  0.29567628,  0.09297132,
          0.03874889,  0.04452894,  0.84963156,  0.11592262,  0.37436719,
          0.42803308,  0.04175106,  0.48543262,  0.47238791,  0.9648707 ,
          0.45401911,  0.7853247 ,  0.45494093,  0.78279038,  0.0084364 ,
          0.74219396,  0.91971266,  0.84148242,  0.73494374,  0.4216757 ,
          0.67137143,  0.49988687,  0.03148815,  0.91005965,  0.39711584]]])

Last Cross Validation Set Predicted Values: 
(Predicted Value, Actual Value)
1, 0
1, 0
1, 0
1, 0
1, 0
1, 1
1, 1
1, 1
