Running data/soybean-small.data.new.txt Experiment with positive class = D2
Average Error Rate: 0.875
Standard Deviation: 0.0
Learned NN Model (Weights) 
array([[[ 0.53737742,  0.24461563,  0.00974067,  0.35373257,  0.79382878,
          0.49366445,  0.71764801,  0.51784754,  0.21728522,  0.55137952,
          0.58276903,  0.59686792,  0.50673087,  0.26893284,  0.26591317,
          0.92532932,  0.09525174,  0.7202321 ,  0.91506216,  0.78776743,
          0.07550041,  0.1629888 ,  0.7948003 ,  0.15569995,  0.21586819,
          0.67583775,  0.08538471,  0.99994701,  0.2525968 ,  0.70382174,
          0.33539311,  0.64740165,  0.05671582,  0.87893197,  0.6799562 ,
          0.39182001,  0.5012419 ,  0.01408247,  0.98972964,  0.76484614,
          0.58533529,  0.08257772,  0.1796201 ,  0.28347804,  0.41880635,
          0.35001412,  0.86406119,  0.80405542,  0.64963117,  0.50581203,
          0.81407892,  0.3387167 ,  0.55780694,  0.75148929,  0.46622019,
          0.93625655,  0.93209215,  0.30904554,  0.45330372,  0.99470918,
          0.88201268,  0.15399214,  0.09087097,  0.9710361 ,  0.64431446,
          0.3087318 ,  0.06684276,  0.24267206,  0.88122556,  0.64795361,
          0.2208582 ,  0.03952701,  0.62221395,  0.66503312,  0.0021728 ,
          0.14397836,  0.43117355,  0.86702815,  0.42944287,  0.96993589,
          0.70374435,  0.45741945,  0.2327873 ,  0.85193259,  0.00357497,
          0.35578083,  0.43096578,  0.02933623,  0.740537  ,  0.1264804 ,
          0.97087364,  0.59281172,  0.94271332,  0.19128772,  0.9033477 ,
          0.94355295,  0.78707875,  0.46504669,  0.48536463,  0.87293643,
          0.00569842,  0.3892692 ,  0.68428985,  0.72581973,  0.20530601,
          0.36134058,  0.92972529,  0.78796102,  0.19770883,  0.71587787,
          0.16439743,  0.89500347,  0.97251121,  0.19320129,  0.50534029,
          0.19680228,  0.73321846,  0.6510854 ,  0.29716573,  0.39210346,
          0.3721156 ,  0.064139  ,  0.18938961,  0.18774757,  0.29544074,
          0.93197009,  0.55495383,  0.57034504,  0.72400722,  0.97510427,
          0.8529826 ,  0.2536087 ,  0.50589946,  0.73278931,  0.73915972,
          0.16089328,  0.04423865,  0.9101954 ,  0.49953011,  0.12459187,
          0.48807904,  0.57803259,  0.82372294,  0.5133622 ,  0.58763761,
          0.16363815,  0.42997887,  0.51793108,  0.22214767,  0.57130514,
          0.70895656,  0.49528263,  0.58555143,  0.15696428,  0.58589092,
          0.22332844,  0.61621131,  0.9671203 ,  0.61230112,  0.9661566 ,
          0.76819171,  0.56638167,  0.78933105,  0.66915827,  0.78132962,
          0.17864554,  0.64276172,  0.80617005,  0.09352311,  0.73283747,
          0.40703668,  0.07055782,  0.25819741,  0.26427777,  0.81898171,
          0.48274568,  0.99587887,  0.03398063,  0.07622799,  0.07464478,
          0.62533053,  0.72274211,  0.08956787,  0.50329928,  0.34492604,
          0.26041446,  0.27594258,  0.97159992,  0.57722962,  0.04403415,
          0.56288997,  0.62016943,  0.82048882,  0.62377646,  0.72258628,
          0.88911803,  0.78808233,  0.13707423,  0.56008984,  0.21541459,
          0.86177416,  0.31880548,  0.04988739,  0.654072  ,  0.2714605 ]]])

Last Cross Validation Set Predicted Values: 
(Predicted Value, Actual Value)
1, 0
1, 0
1, 0
1, 0
1, 0
1, 0
1, 0
1, 1
