Running data/soybean-small.data.new.txt Experiment with positive class = D3
Average Error Rate: 0.875
Standard Deviation: 0.0
Learned NN Model (Weights) 
array([[[ 0.40705833,  0.02961939,  0.78040738,  0.91705355,  0.39307209,
          0.13987875,  0.54170789,  0.03001713,  0.89781305,  0.62665068,
          0.68872509,  0.96608155,  0.10884941,  0.83277882,  0.41528162,
          0.51090168,  0.35255801,  0.56596334,  0.35026127,  0.14923449,
          0.33758271,  0.68997446,  0.06295419,  0.34764214,  0.82954346,
          0.18920265,  0.39232006,  0.22196137,  0.12651845,  0.84815598,
          0.56135434,  0.86183889,  0.14712948,  0.09531395,  0.32186951,
          0.80187245,  0.55734371,  0.48774716,  0.36943642,  0.99569834,
          0.89987149,  0.26763239,  0.15336183,  0.96667216,  0.74337973,
          0.01209329,  0.8186613 ,  0.63536671,  0.22757271,  0.81060585,
          0.85373486,  0.30547278,  0.3308309 ,  0.40874211,  0.98645147,
          0.6734374 ,  0.86828886,  0.24134585,  0.55291894,  0.95035575,
          0.4697381 ,  0.63420913,  0.07893304,  0.97550253,  0.69414434,
          0.26007827,  0.89181748,  0.29508164,  0.18149544,  0.58047322,
          0.38382327,  0.24222812,  0.411037  ,  0.79922008,  0.68731929,
          0.93621269,  0.39250115,  0.78125228,  0.94954785,  0.92922952,
          0.36412747,  0.24655556,  0.90325865,  0.49754139,  0.20239495,
          0.33148753,  0.13606064,  0.66776578,  0.32279171,  0.32752426,
          0.79864713,  0.50075244,  0.78475231,  0.14867316,  0.81006906,
          0.65741196,  0.39713964,  0.9668723 ,  0.64181209,  0.09875885,
          0.71112553,  0.8394682 ,  0.95579992,  0.00761148,  0.13944954,
          0.49109223,  0.80507441,  0.46082242,  0.37107539,  0.5725724 ,
          0.5154862 ,  0.99484117,  0.8992351 ,  0.36325812,  0.03271142,
          0.09059061,  0.2190284 ,  0.31806484,  0.92045345,  0.25989107,
          0.0072222 ,  0.09763233,  0.13026047,  0.83645125,  0.92135323,
          0.52011385,  0.17773587,  0.1600102 ,  0.91659946,  0.862314  ,
          0.31823588,  0.44106852,  0.69434431,  0.1031111 ,  0.99956946,
          0.08154043,  0.29570133,  0.9476945 ,  0.12699537,  0.87751551,
          0.80103399,  0.18959173,  0.40784106,  0.91745144,  0.18276125,
          0.77905354,  0.5045849 ,  0.40644096,  0.47312572,  0.56118304,
          0.79201888,  0.85556395,  0.44854687,  0.03605853,  0.67483658,
          0.71367442,  0.79923535,  0.15902813,  0.3557634 ,  0.45792961,
          0.10940237,  0.80504699,  0.44920245,  0.57310966,  0.71657422,
          0.32501293,  0.6011272 ,  0.80355504,  0.10285084,  0.99279855,
          0.17565247,  0.01131703,  0.61063826,  0.92504391,  0.4997793 ,
          0.7099346 ,  0.42577207,  0.42162655,  0.83967782,  0.54561683,
          0.05428082,  0.40000062,  0.04137015,  0.25519337,  0.65544594,
          0.49916005,  0.41215291,  0.71023229,  0.96838376,  0.25294571,
          0.20538099,  0.11563253,  0.90969286,  0.01189426,  0.62615993,
          0.79343713,  0.41611408,  0.6950517 ,  0.41156145,  0.66643079,
          0.3548042 ,  0.48869813,  0.226936  ,  0.27072515,  0.30193839]]])

Last Cross Validation Set Predicted Values: 
(Predicted Value, Actual Value)
1, 0
1, 0
1, 0
1, 0
1, 0
1, 0
1, 0
1, 1
