Running data/soybean-small.data.new.txt Experiment with positive class = D1
Average Error Rate: 0.875
Standard Deviation: 0.0
Learned NN Model (Weights) 
array([[[ 0.3724379 ,  0.31419225,  0.14400476,  0.06889614,  0.84492375,
          0.44030361,  0.6538064 ,  0.93444255,  0.49877365,  0.67480982,
          0.70754435,  0.78633901,  0.77768531,  0.60109122,  0.57871373,
          0.03249422,  0.37379128,  0.01603535,  0.60080922,  0.12954973,
          0.54424066,  0.59445558,  0.81304273,  0.71387921,  0.85241184,
          0.63419431,  0.83403668,  0.07997884,  0.76698653,  0.63508922,
          0.64617419,  0.03009824,  0.50623348,  0.2436343 ,  0.34199952,
          0.09008163,  0.6921077 ,  0.7332614 ,  0.50468103,  0.57790491,
          0.14917228,  0.08739589,  0.74609492,  0.44576429,  0.74349886,
          0.23403324,  0.55645895,  0.91606512,  0.37976101,  0.39575485,
          0.31330538,  0.78500408,  0.8773786 ,  0.28188877,  0.25201791,
          0.84655175,  0.48440213,  0.75903036,  0.71512424,  0.23022212,
          0.74046588,  0.02614517,  0.80372882,  0.94348646,  0.59722369,
          0.53620536,  0.83595002,  0.65248472,  0.2906758 ,  0.88815934,
          0.26709369,  0.43540759,  0.95465552,  0.86321719,  0.75015381,
          0.1438542 ,  0.80749299,  0.38318528,  0.20187656,  0.40816455,
          0.92837665,  0.81379345,  0.98364404,  0.00662802,  0.71273333,
          0.14638091,  0.68965906,  0.74350778,  0.18989065,  0.74088964,
          0.9220261 ,  0.36210507,  0.97815743,  0.7934348 ,  0.14102345,
          0.97196529,  0.89934772,  0.80785507,  0.87430976,  0.53549522,
          0.25510454,  0.4466111 ,  0.51982928,  0.25769561,  0.54288675,
          0.83887078,  0.2299118 ,  0.80438583,  0.41898705,  0.49173985,
          0.47129201,  0.30692326,  0.6725698 ,  0.42270653,  0.95457237,
          0.16085259,  0.10070575,  0.24953626,  0.26661752,  0.69440975,
          0.48840613,  0.52709701,  0.00914474,  0.75349977,  0.32102117,
          0.8337578 ,  0.09141804,  0.74884005,  0.7898    ,  0.08308719,
          0.64228123,  0.38783532,  0.5942916 ,  0.38108262,  0.40987499,
          0.3403106 ,  0.18812791,  0.97099303,  0.57989908,  0.40209912,
          0.31884528,  0.05158116,  0.13721378,  0.49405804,  0.79516944,
          0.14783723,  0.25771432,  0.40816725,  0.78344596,  0.32803435,
          0.02775274,  0.93309373,  0.64343032,  0.03961518,  0.57509096,
          0.22279854,  0.1718079 ,  0.86878644,  0.58531633,  0.84874425,
          0.4679455 ,  0.77322174,  0.32174995,  0.48014877,  0.96610124,
          0.47062978,  0.32288861,  0.27426979,  0.99648761,  0.33440984,
          0.46664705,  0.22629298,  0.93206571,  0.70580846,  0.77116886,
          0.93507503,  0.70836649,  0.69526383,  0.481821  ,  0.9625127 ,
          0.99971277,  0.14774462,  0.81970322,  0.52926613,  0.48780484,
          0.53362293,  0.44287289,  0.83486787,  0.52394446,  0.70207035,
          0.04821893,  0.06397705,  0.41402642,  0.01967783,  0.91136845,
          0.04961623,  0.32832983,  0.84616301,  0.22573569,  0.94619316,
          0.60405369,  0.56020446,  0.35305403,  0.95687292,  0.00947437]]])

Last Cross Validation Set Predicted Values: 
(Predicted Value, Actual Value)
1, 0
1, 0
1, 0
1, 0
1, 0
1, 0
1, 0
1, 1
