Running data/glass.data.new.txt Experiment with positive class = 3
Number of Hidden Layers: 1
Number of Nodes in First Hidden Layer: 5
Number of Nodes in First Hidden Layer: None
Average Error Rate: 0.07317073170731707
Standard Deviation: 0.0
Learned NN Model (Weights) 
array([ array([[0.9377223280313528, 0.018569747711634655, 0.19762482432831147,
        0.50980308982400235, 0.30210584373387994, 0.43926184714676975,
        0.74052511844190172, 0.48827909234775801, 0.52966164783458447,
        0.14668263744443255, 0.45089584701837326, 0.42835880232125578,
        0.41149313418959166, 0.31493906838688213, 0.97066284937624125,
        0.55534216756789057, 0.43231161135650026, 0.78899318220646497,
        0.79620715594009805, 0.48816828379792365, 0.30401403665379156,
        0.5386162367940841, 0.72195300584225108, 0.78053628735568947,
        0.14339729343692875, 0.67237414373810533, 0.86436470969293933,
        0.73442876452633687, 0.41771196640771685, 0.70426273552195384,
        0.33651367849124114, 0.73968699289747386, 0.91210000234329558,
        0.65107984744822722, 0.44723843061089086, 0.92362709230085172,
        0.66671977356921597, 0.89893744601818626, 0.71924697399739457,
        0.91308148382289167, 0.97249960868615237, 0.54211141033121435,
        0.16937080147083333, 0.13856595581630105, 0.73520033515256522,
        0.43419988254929343, 0.92056472209135909, 0.53366636121034106,
        0.39024861744947359, 0.011012911492832374, 0.50625411524263453,
        0.56329041357957399, 0.88701218983928187, 0.25597904532418531,
        0.77030656230745265],
       [0.0072704901652790735, 0.54825711273088884, 0.37270307938646019,
        0.35049422483234394, 0.064418523754581361, 0.20059291725455997,
        0.91306146426589674, 0.42274579182858496, 0.94327768338949636,
        0.31428097262997023, 0.85682577756874045, 0.40974802469312377,
        0.14268632951945809, 0.68323358357484376, 0.038720782615049361,
        0.22963647444411261, 0.044552419652101334, 0.61928107610735328,
        0.0069216417083736948, 0.75481599595595394, 0.14748257628072212,
        0.34566703358727441, 0.49586536043765012, 0.74426294251847902,
        0.83299126855395356, 0.87739859380707097, 0.35658909913666365,
        0.97607273931830874, 0.91530446040285784, 0.49338050032409697,
        0.21741814126160672, 0.25338998760567516, 0.65313319591090568,
        0.019144562654187482, 0.8784806407769109, 0.29143962450740796,
        0.76422221404522295, 0.59762597587196975, 0.5337067686015845,
        0.96223209793092879, 0.8772472525001368, 0.25080741333883605,
        0.31810677615341976, 0.75463032874231295, 0.90008949938040672,
        0.3045203096320877, 0.46959160059928706, 0.47237854907428095,
        0.98765950129160918, 0.69310369496564728, 0.99258828822221656,
        0.54509762860995092, 0.89159208091380104, 0.83638940154514296,
        0.71476377311110684],
       [0.10873964241239174, 0.36265621707680923, 0.42930545087802408,
        0.74490950665135069, 0.79232233657068107, 0.85591290905144946,
        0.95796305231714951, 0.097477344523952986, 0.19877428246380321,
        0.23647759806131755, 0.17745357501045486, 0.14001369126039961,
        0.69961704804260871, 0.29550656187998559, 0.82702481179959608,
        0.32567549658212014, 0.4015687944518252, 0.53751305545632411,
        0.70097326577113783, 0.63968500716128718, 0.30285471516285134,
        0.55055430058216293, 0.87234769563293946, 0.69805863724815698,
        0.23078641221836182, 0.23796050834321802, 0.987565756156075,
        0.3757097429226004, 0.13396746341750052, 0.92091395986157065,
        0.5161248712276344, 0.76313843138867732, 0.13487576243903562,
        0.6621771943219199, 0.58683802721318801, 0.72338076329551404,
        0.27032681812467374, 0.049005175470959776, 0.53702262134925238,
        0.85041964654098945, 0.27713585218536468, 0.53453238503271894,
        0.39294672031127942, 0.52590698159822413, 0.19826403746553153,
        0.002061072405072425, 0.43087407268843481, 0.22145427206568385,
        0.81985061851990559, 0.4736841459371135, 0.1029539235881161,
        0.066408384228428569, 0.15387520757251208, 0.30438038412857843,
        0.70659391157933649],
       [0.95955296920495292, 0.74609535891208223, 0.27304367016070008,
        0.11783390815439979, 0.41090970374250085, 0.64001978510103796,
        0.91159637073623345, 0.044307547065619096, 0.96507493283300727,
        0.91558873056068613, 0.59457762381669499, 0.043043721381882269,
        0.79766197708636977, 0.12627665819761369, 0.083607053350543428,
        0.21581875320868124, 0.78147321762718769, 0.65682192946994034,
        0.26247376848159093, 0.78597977198821212, 0.035099192438942613,
        0.27480337132987881, 0.22537072455507054, 0.41589881566357684,
        0.08347990438727293, 0.45445819606594406, 0.27678041682993282,
        0.90247665646348219, 0.71158592779545549, 0.63022529330469534,
        0.16643906200464567, 0.15323043134616685, 0.079780184625170975,
        0.32627287338370092, 0.14216915131328367, 0.5765713592236319,
        0.57091624635034177, 0.57321755308733147, 0.4059807196250842,
        0.40245974577280946, 0.74989917174418774, 0.53170243433839082,
        0.74068614839513525, 0.30355538060691706, 0.10462710091442402,
        0.020704543382897796, 0.53933648359125519, 0.66250160107871292,
        0.30603896081287213, 0.40612054710352791, 0.70101177723712649,
        0.24019820281809112, 0.069518587393378212, 0.12196086625376201,
        0.21010144794420049],
       [0.79713472182171419, 0.21310345000847941, 0.06386059545886795,
        0.97699229635698348, 0.51142505571980534, 0.62742320107384075,
        0.071694127243593364, 0.37245203044627762, 0.6115433444849443,
        0.6901399364785501, 0.52232771148157964, 0.5294879753368511,
        0.66502478136613929, 0.695204658854647, 0.50641138318946899,
        0.90399625433099784, 0.69991675045018598, 0.83211011262844858,
        0.048805026979398425, 0.73811264793737508, 0.59656549438907525,
        0.38772150541514205, 0.17860593692850921, 0.35363889629198653,
        0.42852786072580629, 0.34253652529485096, 0.17969008058758323,
        0.44921637227531835, 0.68507224396319277, 0.51085234836283777,
        0.75473059518046282, 0.20850436719384022, 0.090773036888769115,
        0.11103710151938204, 0.87972818785490592, 0.55166965032719761,
        0.9484723000265437, 0.14896905770099025, 0.94578169764711928,
        0.046941399043385665, 0.57838733754957228, 0.00025897806029157369,
        0.36109595055257027, 0.72970833289424319, 0.19642428193404099,
        0.76225829331829342, 0.048992320199504502, 0.44127840434393945,
        0.81181997225912306, 0.94791879259031731, 0.11090780349153499,
        0.33989309955461727, 0.99243856106441097, 0.6838126663077474,
        0.2268524797337739]], dtype=object),
       array([[-0.2526905523915613, -0.55325401708796351, -0.21803520160886988,
        -0.60039912065923962, -0.18086924765826623, -0.7039564986995871]], dtype=object)], dtype=object)

Last Cross Validation Set Predicted Values: 
(Predicted Value, Actual Value)
0, 0
0, 0
0, 0
0, 0
0, 0
0, 0
0, 0
0, 0
0, 0
0, 0
0, 0
0, 0
0, 0
0, 0
0, 0
0, 0
0, 0
0, 0
0, 0
0, 0
0, 0
0, 0
0, 0
0, 0
0, 0
0, 0
0, 0
0, 0
0, 0
0, 0
0, 0
0, 0
0, 0
0, 0
0, 0
0, 0
0, 0
0, 0
0, 1
0, 1
0, 1
