Running data/breast-cancer-wisconsin.data.new.txt Experiment with positive class = 0
Number of Hidden Layers: 1
Number of Nodes in First Hidden Layer: 20
Number of Nodes in First Hidden Layer: None
Average Error Rate: 0.34057971014492755
Standard Deviation: 0.0
Learned NN Model (Weights) 
array([ array([[0.73190279939646041, 0.13815118128783641, 0.92387324747729105, ...,
        0.056347137228648703, 0.83204947662495254, 0.032366308324992897],
       [0.0008654777630978833, 0.075837467619567792, 0.28342201160555563,
        ..., 0.47704908598571827, 0.99774422693735032, 0.29561322708280974],
       [0.5444243936978842, 0.76462197458294578, 0.95334586366224527, ...,
        0.1539793917319211, 0.30534985891904987, 0.4963076499752922],
       ..., 
       [0.41382980301114891, 0.33537461438229937, 0.96256234579163169, ...,
        0.87171716586471726, 0.22177852615095184, 0.88539624347247003],
       [0.80261038748646352, 0.675397328387916, 0.33604185769802464, ...,
        0.68698500229352333, 0.8344315325330709, 0.83517750563981219],
       [0.91688510986611571, 0.88290465469844426, 0.0065670307668611828,
        ..., 0.99586568322192026, 0.67404970499694894, 0.88068028071576487]], dtype=object),
       array([[0.73814979475354947, 0.39404724800819241, 0.91436478554998635,
        0.58339968428309086, 0.29347672964846405, 0.54039829393924865,
        0.44452906711467965, 0.20520195849873049, 0.78968927090585983,
        0.21983508540705807, 0.61201720969327966, 0.62031288806867269,
        0.38518356805654469, 0.17803681089618742, 0.77979196721404131,
        0.6573246193128095, 0.31541079870866334, 0.037943732477365315,
        0.61222796604114416, 0.56708917156345706, 0.6416684098323657]], dtype=object)], dtype=object)

Last Cross Validation Set Predicted Values: 
(Predicted Value, Actual Value)
1, 0
1, 0
1, 0
1, 0
1, 0
1, 0
1, 0
1, 0
1, 0
1, 0
1, 0
1, 0
1, 0
1, 0
1, 0
1, 0
1, 0
1, 0
1, 0
1, 0
1, 0
1, 0
1, 0
1, 0
1, 0
1, 0
1, 0
1, 0
1, 0
1, 0
1, 0
1, 0
1, 0
1, 0
1, 0
1, 0
1, 0
1, 0
1, 0
1, 0
1, 0
1, 0
1, 0
1, 0
1, 0
1, 0
1, 0
1, 1
1, 1
1, 1
1, 1
1, 1
1, 1
1, 1
1, 1
1, 1
1, 1
1, 1
1, 1
1, 1
1, 1
1, 1
1, 1
1, 1
1, 1
1, 1
1, 1
1, 1
1, 1
1, 1
1, 1
1, 1
1, 1
1, 1
1, 1
1, 1
1, 1
1, 1
1, 1
1, 1
1, 1
1, 1
1, 1
1, 1
1, 1
1, 1
1, 1
1, 1
1, 1
1, 1
1, 1
1, 1
1, 1
1, 1
1, 1
1, 1
1, 1
1, 1
1, 1
1, 1
1, 1
1, 1
1, 1
1, 1
1, 1
1, 1
1, 1
1, 1
1, 1
1, 1
1, 1
1, 1
1, 1
1, 1
1, 1
1, 1
1, 1
1, 1
1, 1
1, 1
1, 1
1, 1
1, 1
1, 1
1, 1
1, 1
1, 1
1, 1
1, 1
1, 1
1, 1
1, 1
1, 1
1, 1
1, 1
1, 1
1, 1
1, 1
