Running data/glass.data.new.txt Experiment with positive class = 5
Number of Hidden Layers: 1
Number of Nodes in First Hidden Layer: 5
Number of Nodes in First Hidden Layer: None
Average Error Rate: 0.04878048780487805
Standard Deviation: 0.0
Learned NN Model (Weights) 
array([ array([[0.8842691758993374, 0.44596383849471377, 0.54131108499713432,
        0.79326840425383638, 0.26958541996364471, 0.042645723789218923,
        0.63357435961114672, 0.19873353475963584, 0.78024140843466894,
        0.96938224034320064, 0.48261775496651282, 0.34757018259769118,
        0.80987582656107493, 0.3456076092451757, 0.22518920318246705,
        0.003743372125123275, 0.70191467003013042, 0.94785498872302321,
        0.33626831634224075, 0.67406752420890359, 0.27356773016591157,
        0.94907212345292868, 0.66173755186058469, 0.58019300523429118,
        0.71560403525460503, 0.74233457924231749, 0.26244758850282868,
        0.8918066400482455, 0.83033415253452458, 0.1272482423262013,
        0.64653546906119619, 0.51087957672977413, 0.21810462075243975,
        0.36193729855011236, 0.79135743046482132, 0.82072885959696218,
        0.49144748097800817, 0.8916481612513012, 0.48517270683894953,
        0.041413326467291803, 0.80382256089807969, 0.55812009721818456,
        0.93135360306163006, 0.90429088160569793, 0.91054726624476179,
        0.99423972306869646, 0.36505573824356519, 0.17935344381989293,
        0.039712572383920404, 0.95706301926145321, 0.68676417391937394,
        0.82360852488093095, 0.1000508740204429, 0.17199906736628201,
        0.62249626530073876],
       [0.3612294722465722, 0.24529722194826101, 0.79363731820379479,
        0.11774328486076527, 0.31938907152296697, 0.59241489058581998,
        0.97409335958476406, 0.98430147757339459, 0.20154690624774563,
        0.91162549648426727, 0.10055358730258887, 0.23496869079683511,
        0.5574619549252493, 0.77903611549363383, 0.36334515744356888,
        0.94296052894442828, 0.72809552128926847, 0.057778336389457438,
        0.0258811519445089, 0.24247220577726186, 0.79654019282310917,
        0.48624241614432639, 0.61189932946368908, 0.08462055913844653,
        0.14219466568311467, 0.61975768878510007, 0.51282182827860379,
        0.082493947442714169, 0.77149552151822842, 0.7522406308743691,
        0.42242739799298373, 0.74176603532957874, 0.80352487342643619,
        0.39732581219656904, 0.60067564733361634, 0.19210935683977257,
        0.44039112345684506, 0.49203964420754714, 0.10461882387960733,
        0.083938030005824046, 0.39882204081838679, 0.94267672955919768,
        0.63735983316876554, 0.50639835280420598, 0.79850106576844126,
        0.77896093396834432, 0.0032889691495766593, 0.98250437590847439,
        0.653850066297605, 0.9756367951889281, 0.040521113188560762,
        0.89221452561776915, 0.32507107587941841, 0.92587428533427441,
        0.67248395293680974],
       [0.84699034013030039, 0.41005426552653984, 0.13411845930097285,
        0.47700609121218152, 0.32751016887529522, 0.55454846818782455,
        0.98258258718205183, 0.92129596322444973, 0.89099056051142722,
        0.007375689430632903, 0.057661082795428288, 0.18200727155623206,
        0.58143692152407378, 0.39473834827638737, 0.91408609976297062,
        0.83437264622166707, 0.52148040994419709, 0.4842051410308808,
        0.17299600223178058, 0.54801126733782901, 0.37140152297472168,
        0.47807915101016163, 0.80969771132301094, 0.83390954848291621,
        0.32859803815663369, 0.54753216800934956, 0.47008079504373024,
        0.1652034130452035, 0.93781385806452411, 0.80667043250829729,
        0.26163429170228608, 0.41052668387214847, 0.98820723286880696,
        0.51839691256250831, 0.56405339657314024, 0.038847065121637443,
        0.14632203990994447, 0.76136661536426042, 0.48796426120661635,
        0.81394391365122987, 0.73465576228066731, 0.5324052837365687,
        0.017728065232100281, 0.64165391796852089, 0.31539425076771505,
        0.23210794985417613, 0.41762480336939356, 0.10884805033987718,
        0.8055564329697088, 0.86093990378935892, 0.35550438225089959,
        0.30916065989978048, 0.11794884028555647, 0.4342768848743761,
        0.17486006838963608],
       [0.66424659051440904, 0.92213299503140467, 0.45325203963549465,
        0.95591055012945014, 0.53053039727638929, 0.7857617179200348,
        0.24380820751069809, 0.18140415953870268, 0.097119997293811863,
        0.21450569750751006, 0.86464745935403697, 0.70539805939769917,
        0.086299717151733665, 0.50654964863610852, 0.45684303479685595,
        0.33119075890565702, 0.17381612639519417, 0.94103729271143022,
        0.76503831233895703, 0.63831836282629306, 0.16335500342004833,
        0.092824578324432916, 0.82705814745074946, 0.46590887096796696,
        0.64273561145411295, 0.70639005892551321, 0.27956076194537094,
        0.12855063971017133, 0.79306133621468045, 0.44773432288918213,
        0.01719515689579695, 0.88445927817754921, 0.29964307505178556,
        0.51256764084155815, 0.81676055587556418, 0.95722343252743058,
        0.20601214393761105, 0.19182828310594094, 0.4556673311495068,
        0.34962130932907109, 0.69377139568109736, 0.1646154258912301,
        0.67599914647426362, 0.75195685238967647, 0.38166063832388419,
        0.90977944673608113, 0.59013080298772458, 0.22506219795772742,
        0.34683784660606126, 0.98926845332948732, 0.28054191673213952,
        0.40914207056092966, 0.19660375149370929, 0.87205148918533837,
        0.49618098358078611],
       [0.44631902048763633, 0.51180335967887658, 0.80143698996478319,
        0.49219768623271748, 0.67813901403542298, 0.88700933946553762,
        0.2076767390198021, 0.34466849710893588, 0.20034521913612841,
        0.45676236538050591, 0.29799701224217717, 0.21544676235097693,
        0.33328821369104933, 0.048869169892580777, 0.62965174421661219,
        0.88901950917263917, 0.37741782188853262, 0.73194057111779143,
        0.35201009896156349, 0.06449285877700614, 0.95782375756692162,
        0.047497491271760818, 0.2844449911648092, 0.30939241923267702,
        0.96495736665377085, 0.082099469948339318, 0.16432865102445132,
        0.65484321849544058, 0.20276283842267068, 0.15182742953264439,
        0.2458152537075452, 0.42581574412205508, 0.94449999440369059,
        0.70398167621765739, 0.74717559556677948, 0.21588811070660013,
        0.74320825771966681, 0.21955512924526241, 0.91056104842204233,
        0.87245917520009331, 0.57144529038747882, 0.89193038807009806,
        0.14700934813292368, 0.10045340312431167, 0.5644092183286239,
        0.48395544887394981, 0.71393334377639706, 0.6444494990770836,
        0.0057137015534003037, 0.34163313587061317, 0.14158445431526268,
        0.09621144774809369, 0.71601133613589274, 0.38030163022693109,
        0.98549614925878204]], dtype=object),
       array([[-0.74642572661445283, -0.08479762412713418, -0.48534373425865707,
        -0.39552540269643371, -0.36815762524225654, -0.8727039352233769]], dtype=object)], dtype=object)

Last Cross Validation Set Predicted Values: 
(Predicted Value, Actual Value)
0, 0
0, 0
0, 0
0, 0
0, 0
0, 0
0, 0
0, 0
0, 0
0, 0
0, 0
0, 0
0, 0
0, 0
0, 0
0, 0
0, 0
0, 0
0, 0
0, 0
0, 0
0, 0
0, 0
0, 0
0, 0
0, 0
0, 0
0, 0
0, 0
0, 0
0, 0
0, 0
0, 0
0, 0
0, 0
0, 0
0, 0
0, 0
0, 0
0, 1
0, 1
