Running data/iris.data.new.txt Experiment with positive class = Iris-virginica
Number of Hidden Layers: 1
Number of Nodes in First Hidden Layer: 5
Number of Nodes in First Hidden Layer: None
Average Error Rate: 0.11333333333333333
Standard Deviation: 0.11075498483890765
Learned NN Model (Weights) 
array([ array([[0.12628037804195802, 0.5517291220058993, 0.27326068539540493,
        0.37942899157074361, 0.29300039295252406, 0.67004523905512692,
        0.52033970425980769, 0.86041654595229888, 0.380692594757778,
        0.35817396459351669, 0.43651407901438571, 0.14026389839599004,
        0.27002683157493729, 0.33711572353319852, 0.3534069008397383,
        0.284074801345717, 0.011249720701904527, 0.59003128761329726,
        0.28428014156752235, 0.73043364172437997, 1.0437742739206377,
        0.83776975358822914, 0.83545621377245161, 0.26708109055954427,
        0.36559804751084135],
       [0.34531679264093817, 0.64810227910737472, -0.47161622775729145,
        0.61211861352954366, -0.19379705697086633, 1.1040362509193209,
        0.23242450554661243, -0.0079529593892404132, 0.33584428619036322,
        -0.43586028725214171, -0.10193426912537835, 0.78451690885220382,
        0.7539939774217489, -0.3523283447228166, 0.54382101751367673,
        -0.48826133394767685, 0.92443329961111487, 1.1350096835740568,
        0.73302514264850227, -0.43674937863843155, 0.33730071102930109,
        -0.50416069839397482, 0.568000879950041, 1.6463819621606766,
        -0.8468886690794013],
       [0.22785391421599055, -0.059550879409117782, 0.57027005923134955,
        0.27842538699007086, 0.56068752178676362, 0.065576399277197953,
        0.48280654533259942, 0.99004496014776955, 0.44452792739942687,
        0.19649949109146667, 0.76584044863254497, 0.39251136385264079,
        0.29025123613631754, 0.50403982926413105, 0.4333821655535115,
        0.33847666095067203, -0.63934354350517097, -0.43199473784656134,
        0.51257768082986033, 0.61626516730147973, 0.96150874456575697,
        1.0944567118789594, -0.12031811038990778, -1.1084097798855355,
        0.10696896628429831],
       [0.65016931673528433, 0.96654891979224733, 0.7793175159908694,
        0.2579350574080061, 0.38783304699437809, 0.19937186273252677,
        0.53031259430296129, 0.66648946071155346, 0.13816170184385168,
        -0.29010659401398153, 0.42726279837399461, 0.8800324310871136,
        0.79238375426440444, 0.53513972240743113, 0.065837376510791482,
        0.87762442409161912, -0.21369929151631606, -0.60912120168199546,
        0.70816645491036134, 0.71363834049708907, 0.67805504910663539,
        1.136824710426795, 0.86278633715322728, -0.99941342453715853,
        0.13338177289189704],
       [0.064014198447482018, 0.60938988798762306, -0.057792064295763258,
        0.72499842622762412, -1.0976127393244397, 1.3593042406722822,
        0.83716000374173483, -0.15796849251190953, 0.48078393064601427,
        0.1737325338367546, -0.15926859053665843, 0.079409442522680576,
        0.61387840841131913, -1.1188237389484175, 0.81621676834187085,
        -0.112631690158859, 1.1756936137532579, 1.4358750392509996,
        0.47246325541752365, -0.2635554544368075, -0.13752943914664983,
        -1.1103431286930669, 0.033802211484675167, 2.206074646607858,
        -1.3121816057525126]], dtype=object),
       array([[-0.49028338280512096, 2.6688013046344676, -1.9775065474319982,
        -2.0565110778806268, 3.9641269628595279, -0.533510714161497]], dtype=object)], dtype=object)

Last Cross Validation Set Predicted Values: 
(Predicted Value, Actual Value)
0, 0
0, 0
0, 0
0, 0
0, 0
0, 0
0, 0
0, 0
0, 0
0, 0
0, 0
0, 0
0, 0
0, 0
1, 0
0, 0
0, 0
0, 0
0, 0
0, 0
1, 1
1, 1
0, 1
1, 1
1, 1
1, 1
1, 1
1, 1
1, 1
1, 1
