Running data/glass.data.new.txt Experiment with positive class = 7
Number of Hidden Layers: 1
Number of Nodes in First Hidden Layer: 5
Number of Nodes in First Hidden Layer: None
Average Error Rate: 0.07317073170731707
Standard Deviation: 0.04363059468292272
Learned NN Model (Weights) 
array([ array([[0.91726901617868084, 0.27485959083969569, 0.68142926682886695,
        0.61754514664996518, 0.80457298900898888, 0.33312550689626158,
        0.78999172949413932, 0.5236726918104021, 0.2201024706474603,
        0.0033865970285721194, 0.78054204746738187, 0.098420177837430428,
        0.24721370406586871, 0.037654611452524217, 0.92378340861217179,
        0.40969525071273821, 0.91238846955464825, 0.69076930797725689,
        0.027002751518069499, 0.85552005124107555, 0.15080571668531328,
        0.40935127669091215, 0.67045539895211193, 0.62926880659159656,
        0.16671746633701623, 0.29700269085818315, 0.44977631531827561,
        0.81847598637027075, 0.96607597477876694, 0.75860613150376055,
        0.86803740556914233, 0.57326294450786852, 0.40443832868070528,
        0.8308847500806823, 0.50937728842032748, 0.30057134272555036,
        0.3601347274918611, 0.34735509079222787, 0.18846770362194115,
        0.5510587177873757, 0.29782199500356715, 0.761577187025408,
        0.86947896635374966, 0.86903637900967334, 0.44441369457709723,
        0.92512193267825826, 0.59270567099270832, 0.11658953280371864,
        0.63735721796153433, 0.80877125467010824, 0.46853134832647403,
        0.92829198552823189, 0.28266092329662529, 0.68413191529001871,
        0.31393010217360801],
       [0.63661877596582395, 0.77564830850089972, 0.48208526237841615,
        0.67927133723494293, 0.73992120925819371, 0.21175467296260933,
        0.081020356530096649, 0.45432483671438473, 0.49669667202047324,
        0.95536016223056941, 0.042157449103193322, 0.57271588696950015,
        0.99982527195028859, 0.71525044028663487, 0.84257304307422409,
        0.83142975530691354, 0.35884969195004945, 0.030591836677141888,
        0.1412266403346297, 0.60460518865425872, 0.8540869032566254,
        0.66527667804074686, 0.55304791341667869, 0.68459400976195794,
        0.62047425515589605, 0.30801148848523269, 0.68975243638493966,
        0.089558652149537427, 0.34263974407884867, 0.55461659907742844,
        0.91240409018947277, 0.78037191142787321, 0.38669899352776732,
        0.12704509264574645, 0.21659926405184549, 0.28444329264867479,
        0.59441815596590852, 0.99265592114833667, 0.51888519142457012,
        0.29348629744240784, 0.77714537358490698, 0.49217568846488713,
        -0.00097713713820709474, 0.56192400268082066, 0.74025430283032234,
        0.25307591478051794, 0.34809897090190256, 0.31059340371831351,
        0.22684423696411793, 0.98280911301114315, 0.51125919431368638,
        0.2389374819655308, 0.78763698768920942, 0.74374381986480376,
        0.917529499614678],
       [0.36623436846612811, -0.34923126781066471, 0.028736668800452884,
        -0.072419378245131005, 0.35315385078685768, 1.0969242705727307,
        0.58301364338750838, -0.029223847238052485, 1.4800360836374342,
        0.57086904248022263, -1.1172804882691838, 0.93571270623970482,
        -2.1729500212247435, 0.53373972873287434, 0.47331799162433857,
        1.0786630666900019, 0.72920228547550447, 0.8626306111957599,
        0.57439922999199633, 1.513518309837298, 0.40601523982978255,
        -0.41197243511631193, -0.94815845601161153, 0.2850281316695919,
        0.21737584341514371, -0.16690923435901242, 0.96760162117569282,
        -0.071099177001616498, 0.10666803841340018, -0.11485308195031015,
        0.15824097973839341, 1.2244983876718061, -0.64132364192299196,
        -0.52894725855557645, 0.88565487600967951, 0.96747060469695878,
        -0.54917809580783161, 0.71621108368935837, -1.207037333710824,
        1.2880268252535778, 1.18007587393289, 0.58731823851110487,
        2.2335981517333807, 0.29755386237342607, -0.82062352699780383,
        -1.4812155476402415, 0.66205583641593624, 0.34206736073954269,
        -0.17408554581898089, 0.42796136221877135, 0.60384761968073486,
        1.074484468200763, 0.95702475552631783, 0.83526024291976153,
        -0.44166159855817055],
       [0.85706429895864911, 0.22566390656964394, 0.67109845850762684,
        0.7439322831695272, 0.30059148751431097, 0.61318780318160659,
        0.44828635115995996, 0.62654948698060786, 0.26696455759587001,
        0.30246198452674961, 0.45965691604302233, 0.9675883070930722,
        0.06500583685250623, 0.37421897605016285, 0.15270654063027725,
        0.3599123516035484, 0.27920113435196808, 0.097265956595706124,
        0.89454848538865039, 0.70015243795289239, 0.52542130067357273,
        0.63719351832898108, 0.9610991823533942, 0.4967049740731741,
        0.59245302460809846, 0.46232562690409418, 0.17361659984574146,
        0.9057818620698368, 0.52815420163845628, 0.58485629065739186,
        0.64807766561618729, 0.74365759149778377, 0.23683623641021512,
        0.27212646672807933, 0.35262059201390394, 0.98139896493657897,
        0.98141436027357776, 0.37973652194137614, 0.7315671035210165,
        0.76095287653976929, 0.39492876880272187, 0.72344308165752691,
        0.072600679383969177, 0.53792532387507852, 0.49001177451515615,
        0.82084084132854751, 0.17233496061318615, 0.40246827196442614,
        0.77881105813180773, 0.34517061768063984, 0.36023595178793943,
        0.086406153787833229, 0.75388819996971079, 0.57012859734265653,
        0.48226625479971175],
       [0.3425670331120037, 0.74944079370065375, 0.2586840220962795,
        0.223570968169538, 0.8969288934296008, 0.46737797972567863,
        0.67910822857390851, 0.9436528369583459, 0.21803774229415301,
        0.45635481631890579, 0.75271290131958202, 0.2548971276141519,
        0.21462671414813711, 0.96615945913089007, 0.69279856811735963,
        0.83960176180106261, 0.65051110207602869, 0.38321707267857108,
        0.57396892470358163, 0.33050673979452716, 0.6969632438533877,
        0.84505794084845931, 0.78992731330996047, 0.57216012529279159,
        0.34042956350487763, 0.27770876227280583, 0.38102236748191431,
        0.7408553245432864, 0.95021192394544851, 0.11771309933021455,
        0.57285554827233542, 0.28841971841789982, 0.25841552274990354,
        0.18134091805396163, 0.64111522905166862, 0.3735699205052308,
        0.50446872336057402, 0.84594949285640908, 0.87442748994594455,
        0.37823576189814107, 0.81370571058774777, 0.074069554570823412,
        0.33562157194314618, 0.00056353957174929076, 0.11912568341539935,
        0.079115755890694014, 0.20306234072209003, 0.398504033027407,
        0.24543305869747981, 0.25470206413563962, 0.15213559228625134,
        0.70329339667495094, 0.42176552351602353, 0.7806920076149747,
        0.32051425887965596]], dtype=object),
       array([[0.21076581047685813, 1.2480331002769465, -7.6301846376191174,
        1.0199280100678978, 0.56083898749804673, 0.37080921218146007]], dtype=object)], dtype=object)

Last Cross Validation Set Predicted Values: 
(Predicted Value, Actual Value)
0, 0
0, 0
0, 0
0, 0
0, 0
0, 0
0, 0
0, 0
0, 0
0, 0
0, 0
0, 0
0, 0
0, 0
0, 0
0, 0
0, 0
0, 0
0, 0
0, 0
0, 0
0, 0
0, 0
0, 0
0, 0
0, 0
0, 0
0, 0
0, 0
0, 0
0, 0
0, 0
0, 0
0, 0
0, 0
0, 0
1, 1
1, 1
1, 1
0, 1
1, 1
