Running data/iris.data.new.txt Experiment with positive class = Iris-setosa
Number of Hidden Layers: 1
Number of Nodes in First Hidden Layer: 20
Number of Nodes in First Hidden Layer: None
Average Error Rate: 0.4
Standard Deviation: 0.3265986323710904
Learned NN Model (Weights) 
array([ array([[0.80987492026973751, 0.55254047159713104, 0.37142412689345811,
        0.83035579246269153, 0.61346802412188661, 0.050330076660480269,
        0.73725177184027335, 0.94740261347088495, 0.51437158067613553,
        0.62318498577832038, 0.51254781736270849, 0.080784519314643963,
        0.41878155902220926, 0.077234095526062307, 0.79177760392134544,
        0.058552073844333551, 0.88943740023290896, 0.95029703879826433,
        0.49493271867157396, 0.28668908471136395, 0.60872707352525213,
        0.7930839170804852, 0.62076195368078246, 0.98620958282630722,
        0.31861544554986626],
       [0.48759127425737503, 0.92051324115826072, 0.44172430387269662,
        0.96149412534428635, 0.16601128612307581, 0.12832823713228142,
        0.34660971328463919, 0.66053387499321581, 0.72839955944687507,
        0.71661128647017713, 0.28826394391087046, 0.34708392308803993,
        0.10289674225444032, 0.75033838254541918, 0.52435910781067729,
        0.70778408822977301, 0.56039306390668708, 0.85369695905949339,
        0.97397504054865214, 0.44787900315002427, 0.65778519274598701,
        0.7773302052588783, 0.4574049936660492, 0.2784444452267455,
        0.56873258946320393],
       [0.80694016129269919, 0.9933690845612263, 0.37734319704197072,
        0.89607047784972038, 0.31040267138159355, 0.90845226699108372,
        0.17089002758830185, 0.4615512470572789, 0.74412142031499562,
        0.94066072249014276, 0.093767066228141918, 0.69813996051510241,
        0.20952982479420956, 0.36435319354853968, 0.93573156219722109,
        0.95196228153486984, 0.15324669392564882, 0.068082419120451557,
        0.18234490806232728, 0.40970778718051637, 0.93202947742291142,
        0.62196402205139323, 0.93555741329846542, 0.15454189800851476,
        0.18008106689501802],
       [0.97865272338369169, 0.8797237542014591, 0.79289870196709289,
        0.16496646451115607, 0.68791832250208385, 0.90363559920895931,
        0.59185621440727054, 0.48963813235344411, 0.041984825494571762,
        0.96413910931571567, 0.31867348463110345, 0.42047040538718472,
        0.89836618798203938, 0.44025706824629246, 0.20874911865108117,
        0.21285043484087982, 0.81117244661087406, 0.73091541592261444,
        0.24539958381072313, 0.012681487898513161, 0.63250894979569272,
        0.84965595311038078, 0.31207510292406204, 0.081516524112771743,
        0.057463936010167159],
       [0.227851716693664, 0.32334496615394914, 0.19680473477816007,
        0.90161288123427719, 0.37999845924490644, 0.29155936192000381,
        0.75810638829938581, 0.69766294903287518, 0.32964041955754819,
        0.065723548857845149, 0.36163540101066127, 0.12058132092764619,
        0.055981751500671653, 0.2865188820506136, 0.095565271830032841,
        0.24794143070246272, 0.70137567133675804, 0.58723397271097755,
        0.19255106804202049, 0.3044067820494567, 0.3544114626722078,
        0.001804336821769405, 0.16211434490432788, 0.83266169247933308,
        0.78165632874892532],
       [0.14169870799389331, 0.41562948656932658, 0.020920010204475169,
        0.093345460078395143, 0.39527380083059455, 0.88505469511835544,
        0.38032555722748612, 0.70753508168052492, 0.14040177307590782,
        0.69901262123443153, 0.50741978162094836, 0.82520418181978661,
        0.53480433664973059, 0.34999628347938344, 0.76198286288827977,
        0.8009409654164924, 0.21940726788863343, 0.95840698031615545,
        0.84320068103943291, 0.27968542691151049, 0.28013900649523671,
        0.5329786520641342, 0.52724553625046755, 0.79702339767790686,
        0.5920765314951254],
       [0.99431714885411526, 0.81806045628941981, 0.74999566568021403,
        0.29880094778030536, 0.67735913164619133, 0.53155642207032072,
        0.64033079065103971, 0.55124627012811456, 0.76939629603451465,
        0.14377987847079343, 0.12310826053551084, 0.89182244236008967,
        0.90323902243531695, 0.078018966328390255, 0.62064939210016523,
        0.28939584841001403, 0.35197610004408703, 0.39762277125504769,
        0.82071557525062011, 0.84967918499152462, 0.89150501345652033,
        0.024827456989580526, 0.13205722951427573, 0.94072737246755067,
        0.34463903986191369],
       [0.32042203021959126, 0.042134753586932423, 0.86985938802694529,
        0.72816475095615651, 0.040795918263184218, 0.36801245750834588,
        0.73689916891396789, 0.99982598133435197, 0.15570788375854713,
        0.40863209277630019, 0.61160546962178364, 0.087315792957202348,
        0.51354781508950675, 0.31112885690914799, 0.83252174067634777,
        0.65466904558519823, 0.84426112465520142, 0.35861659458950834,
        0.95801153083778923, 0.87151412123377203, 0.33451429542765654,
        0.86388666651616064, 0.5783356462476007, 0.72869303013375863,
        0.9912583672206805],
       [0.93870048503678749, 0.8100464919139363, 0.71975808982910328,
        0.64297082091100177, 0.10744231242926877, 0.072935868697981077,
        0.9203608627895814, 0.60726076557432296, 0.1605277447962849,
        0.65525616402465137, 0.68530760345842512, 0.55325608200941312,
        0.37238204761080879, 0.67646448911770007, 0.59468132980014743,
        0.29995508622591183, 0.842760757193453, 0.026393691293284886,
        0.1390310534297633, 0.09595665242985793, 0.58293857204247501,
        0.56513871806413296, 0.24579859116059891, 0.35201625573848577,
        0.73695595881559395],
       [0.48832991741510501, 0.40247787039685157, 0.77424338316636376,
        0.46156828675013162, 0.73879241327244316, 0.085497478548253111,
        0.90910938653701012, 0.53752223366126595, 0.26675665770538087,
        0.95718463859895242, 0.48182550759040343, 0.69525461003520039,
        0.84296860087619441, 0.29000074139270937, 0.71915340030656294,
        0.91542206116754876, 0.8066734660407584, 0.96507200947466931,
        0.29126794759083408, 0.99877129128312969, 0.6216639868230921,
        0.10260565725458476, 0.56358479168802822, 0.019629122736043052,
        0.8201806566333556],
       [0.54275147733855911, 0.043518569573885807, 0.2524109514324735,
        0.51800769073330832, 0.70236980730258858, 0.44278068827046846,
        0.53174758620757867, 0.16379076258662703, 0.79116268873771844,
        0.39234735868495485, 0.26653588821112967, 0.27362794429095777,
        0.94562722798440069, 0.12122020177311482, 0.45822771160048775,
        0.70389443107491345, 0.077254042221101438, 0.57218393241412002,
        0.69513517796723134, 0.20631551136095383, 0.62912436469325261,
        0.51618527005422554, 0.83899174483627359, 0.075795363542438821,
        0.27094847986035292],
       [0.65872487470438024, 0.086481395721183907, 0.38646926645945651,
        0.75676094973974728, 0.63070623529434156, 0.58708797068407115,
        0.81971421330202632, 0.81383030664714806, 0.16535283817014912,
        0.5851342975980699, 0.61893821659215431, 0.35861786645475169,
        0.38916618240668305, 0.62871769851897796, 0.10480738268846533,
        0.43326949143476762, 0.19495192384729465, 0.10849472510088813,
        0.56656299459808512, 0.10546973756193014, 0.68905905923859168,
        0.5258465640988057, 0.5752436496207235, 0.57045008863919378,
        0.37959643755520522],
       [0.6638178510909889, 0.088392760721905494, 0.64730319421754612,
        0.77524532489498144, 0.68376008093588614, 0.33184367991411068,
        0.15462761062514849, 0.88772521238068791, 0.53711768298000695,
        0.19080685235189632, 0.21414857384570551, 0.77946626895745408,
        0.7061904738584337, 0.59126959304114768, 0.75364152706977516,
        0.60154861425497619, 0.47964151679008871, 0.35882761386761625,
        0.75431609537041777, 0.85316591871080771, 0.23829384606258353,
        0.91805045640239069, 0.42053449822564315, 0.54334196771598964,
        0.043936625869503317],
       [0.7163312321187022, 0.032886177638879285, 0.46530376013025182,
        0.059525148220803702, 0.61226920491805359, 0.21140995712995966,
        0.50559860110711519, 0.23445105419183379, 0.47751455158219241,
        0.48324384933411468, 0.31287447794034123, 0.70155309709201341,
        0.90175469037522415, 0.056484033508581902, 0.9300230611195186,
        0.92792082434311995, 0.99451687792509647, 0.49820146235046808,
        0.44210260185245598, 0.6710064088450638, 0.10328286873684238,
        0.65256137957838922, 0.031035886075034415, 0.83680182548767867,
        0.31013701742629146],
       [0.65827358047373319, 0.55860382272100018, 0.73398165149771755,
        0.53606088485128145, 0.25746204223534613, 0.90659490241751084,
        0.033118391169490453, 0.71497611322684707, 0.24657413988249874,
        0.57583792765537511, 0.86137830193220699, 0.70079134951964506,
        0.1528969413002377, 0.5149616995841676, 0.59154249604117493,
        0.95423768525411867, 0.17846597121003452, 0.42843806906324861,
        0.51609080504699389, 0.21450172657460889, 0.17083723586447563,
        0.98094678192536466, 0.32734163020905616, 0.65832158686481412,
        0.19794519949476647],
       [0.87457911403386368, 0.56348228901195641, 0.94108092559917789,
        0.35674952616445815, 0.174898273801219, 0.94254501471837249,
        0.80593322158068792, 0.43659400050021141, 0.25768182150606472,
        0.81860043591547282, 0.59123610872353471, 0.022738138732694192,
        0.24861117884499334, 0.29484179257483367, 0.67721246025920645,
        0.53639177181857134, 0.67796444698577241, 0.23146511655626892,
        0.88577576198660291, 0.40193868464452948, 0.063517192499475725,
        0.099404067117315101, 0.37754542315071749, 0.48340010569590119,
        0.57908150192993613],
       [0.46282520872209826, 0.40932130700811109, 0.65139910116728073,
        0.21191081661027017, 0.1858707329665234, 0.042362104430329652,
        0.21379693959452845, 0.17539864804495664, 0.36068417091301785,
        0.6360621666839289, 0.90816273335294417, 0.41768301673217439,
        0.91225668078306243, 0.3746135961769454, 0.21535224545798645,
        0.64770868291209194, 0.12346133029378004, 0.4860580107861745,
        0.55038655126669089, 0.77760504506619466, 0.35388725321913456,
        0.1286353995541758, 0.037293836948901461, 0.96707716162382706,
        0.86496713422448157],
       [0.35215586526968279, 0.11795624104967151, 0.71765782727989591,
        0.80906922210839916, 0.8593845873654371, 0.69545098715084475,
        0.94172872444827149, 0.96580842032612957, 0.96558405544426162,
        0.98642776951736066, 0.60849004031071707, 0.069490965320856454,
        0.94215416191165946, 0.80721818186191074, 0.41014485630587755,
        0.90937568767751065, 0.80535305159262516, 0.13169033589810317,
        0.34382586468592813, 0.5469029883104719, 0.79243833554300835,
        0.66538538123625279, 0.38163860838732372, 0.32377209218640435,
        0.29325146037089656],
       [0.86778149866951482, 0.63002830104055874, 0.49235070051893487,
        0.56042814013971742, 0.25682746615214513, 0.065203749408480657,
        0.10987706101306127, 0.32656898968805415, 0.63858679060738699,
        0.54415649282731393, 0.47394963181722194, 0.66235045415240246,
        0.78249917387381551, 0.44590143653801423, 0.70261078864133031,
        0.11288776544439771, 0.40191271157917302, 0.55559667056983919,
        0.67020949667354912, 0.15123665209128112, 0.97190104982958747,
        0.23725232522889544, 0.099969613428355322, 0.32770767589370486,
        0.97950813376393286],
       [0.262311910486899, 0.62037357385167879, 0.32681322358025638,
        0.12156799173403222, 0.24420875039152859, 0.97219790743520351,
        0.91445802868434056, 0.79610105117361729, 0.44614929288945948,
        0.85916453574600948, 0.78566867861670586, 0.15771609978660689,
        0.97985552251859809, 0.043053659469425257, 0.26891134725605431,
        0.60957739513183262, 0.26953814052444841, 0.83706980909927575,
        0.65755443966697658, 0.63642936500112068, 0.46005443958928394,
        0.76235669100574099, 0.49539085508328201, 0.46275163226094773,
        0.92565350840516303]], dtype=object),
       array([[0.64080576217241447, 0.77670209284249569, 0.66106838301737303,
        0.64299851615154158, 0.71933967431300949, 0.76295039061402459,
        0.11896087085733674, 0.22931045587707877, 0.72954085467702168,
        0.3048762818875122, 0.60603499011860429, 0.55436049831827383,
        0.33597262654436949, 0.18803308732067009, 0.67768545057436702,
        0.46680355598161899, 0.74391665637008975, 0.033108522486597305,
        0.31406116306530252, 0.62299479965964333, 0.9242534188431752]], dtype=object)], dtype=object)

Last Cross Validation Set Predicted Values: 
(Predicted Value, Actual Value)
1, 0
1, 0
1, 0
1, 0
1, 0
1, 0
1, 0
1, 0
1, 0
1, 0
1, 0
1, 0
1, 0
1, 0
1, 0
1, 0
1, 0
1, 0
1, 0
1, 0
1, 1
1, 1
1, 1
1, 1
1, 1
1, 1
1, 1
1, 1
1, 1
1, 1
