Running data/glass.data.new.txt Experiment with positive class = 1
Number of Hidden Layers: 1
Number of Nodes in First Hidden Layer: 5
Number of Nodes in First Hidden Layer: None
Average Error Rate: 0.3902439024390244
Standard Deviation: 0.07235315597166501
Learned NN Model (Weights) 
array([ array([[0.58937079929597902, 0.60709955799852044, 0.61742614528387552,
        0.74745776741872461, 0.1172808761456101, 0.90396291601371903,
        0.13982881050557205, 0.6861375739805321, 0.63993707465215111,
        0.47345092861829707, 0.068795252968616979, 0.37431953627688513,
        0.32220731766007327, 0.51842816338445552, 0.400962550039421,
        0.79026053423452192, 0.38121206883543729, 0.3473358044900699,
        0.197766055881195, 0.61153371864693629, 0.8826317578375642,
        0.72676731003354422, 0.70080214385247896, 0.41016725104687074,
        0.054157522683526693, 0.15750625194025067, 0.39741386397056222,
        0.90352122219842612, 0.43340018980971196, 0.13848188065095096,
        0.77165620285059588, 0.98766970325305004, 0.54250242467818388,
        0.40815955068304205, 0.5849334644656643, 0.59994735329378435,
        0.022745236867006292, 0.75049375819011466, 0.11103279264745472,
        0.99106637564503375, 0.58027894045261663, 0.76315219089350683,
        0.81854660376388311, 0.61139335056222521, 0.46169420143890744,
        0.55289859222466475, 0.9641096287865577, 0.37452613784930361,
        0.18111023937387116, 0.83352221123587089, 0.47807492666034829,
        0.74912637327079856, 0.2331303922070693, 0.33613852239066533,
        0.14460889388712223],
       [0.29672662304678876, 0.68464560529779617, 0.69636562770432453,
        0.80010026624251596, 0.40165290022996747, 0.039800458811905616,
        0.43556793794574888, 0.37439546595977485, 0.91027162078359602,
        0.19136951961647444, 0.10240186331818311, 0.47360081870947079,
        0.34934163911064392, 0.44171645309794294, 0.88793397792528617,
        0.20448591030333085, 0.029486887528084548, 0.87709019030210766,
        0.37788706938171623, 0.66875952994636212, 0.84513181289753248,
        0.72905104829911538, 0.82453736729579996, 0.36035665458077143,
        0.25218056184054449, 0.76559034778574653, 0.40690244947679749,
        0.36486295846786454, 0.91714046971748242, 0.99416963230318089,
        0.082393765191575846, 0.34540733287642117, 0.52078828134864064,
        0.013908696400549885, 0.76296107969061933, 0.25391037774530073,
        0.73252722750704913, 0.48524345481078546, 0.21551910638587468,
        0.84989142549552454, 0.4885816379340947, 0.84273204078169373,
        0.55080621158772969, 0.21450359246007705, 0.62587844375339041,
        0.67368130885501487, 0.52686776624744192, 0.57135705067156162,
        0.54933814238213785, 0.043316572637945458, 0.4695748192308884,
        0.21954929556948524, 0.26677874824580872, 0.86535419304104755,
        0.92158430112865963],
       [0.68452396569454277, 0.99644774397439673, 0.19855146177695748,
        0.62790589738657687, 0.26016299887418209, 0.77436643415175699,
        0.80907886294364872, 0.19198626751934039, 0.57830662045038828,
        0.30773500735605047, 0.95978357733851416, 0.69130378520436009,
        0.81664318585133877, 0.34606558951841476, 0.77162761252989709,
        0.085789615835324531, 0.11400295933761798, 0.37398945664486016,
        0.62599018201314416, 0.087545068501774459, 0.72687942437473274,
        0.29846652950999736, 0.043951339538682306, 0.67418596589764768,
        0.91557246945628246, 0.68865289614866176, 0.20490319185490688,
        0.27424197092575275, 0.99793439272358564, 0.71339275463857788,
        0.90077172812836492, 0.98736058598977017, 0.016166440986846897,
        0.19505576142128225, 0.31342422577980988, 0.34658854437159053,
        0.34271756060265041, 0.60870807582903819, 0.73869152990681142,
        0.012576319629293309, 0.5261187506902435, 0.64672583421602381,
        0.36706873239296961, 0.78306420674982902, 0.93202470993930087,
        0.94782498940839943, 0.3306617503561784, 0.44143330206915676,
        0.66492414429679758, 0.13443881951264861, 0.18109084056497024,
        0.34536816620025351, 0.44408525369537005, 0.4148346302640295,
        0.70519199440433866],
       [0.11761083454209358, 0.58932617856460057, 0.35466638155747865,
        0.18440788900842592, 0.19000812936331557, 0.032708120886874366,
        0.25872496924738297, 0.89671773110658137, 0.35291029958436987,
        0.20592514126166281, 0.4751010815546135, 0.34456065677382047,
        0.57808675964194201, 0.36972356879867324, 0.89628729161434184,
        0.27862091165799785, 0.17631002200265389, 0.61809790461006198,
        0.20452700326733431, 0.56902329146568298, 0.97187249975103696,
        0.72604369796074042, 0.26008758093243084, 0.55145086269062227,
        0.57366289485997646, 0.40460956675381476, 0.75302177989944863,
        0.64165766140833802, 0.97816856618974568, 0.49277234840693362,
        0.68498170627088084, 0.18871038042846572, 0.22858763741075214,
        0.18467092325826462, 0.93856252482043712, 0.83299088955571665,
        0.068454870491074182, 0.5186582600651074, 0.6162423010512893,
        0.93666668734704006, 0.076536864235923069, 0.20932184189529263,
        0.14175635631455571, 0.040951391287452128, 0.61318023635552932,
        0.67777963707849065, 0.93841748657673663, 0.99594757796536248,
        0.71639206198864236, 0.65574216854167722, 0.44876131947527564,
        0.68306248950317494, 0.52111293269002956, 0.77800183957721269,
        0.80422873472531298],
       [0.1439140145158522, 0.43945727383956174, 0.65800757901124007,
        0.42659332375831671, 0.67371467859562684, 0.014005466471005935,
        0.62331276574120786, 0.63778764308176417, 0.15947649958484647,
        0.477383120962664, 0.5563398864552781, 0.66036558944517576,
        0.77322823934584317, 0.32272966717068596, 0.84858013603739679,
        0.022939570890597304, 0.29714353294226853, 0.086143259634291564,
        0.014377943248860992, 0.36147480437187873, 0.20215976240202138,
        0.029973123410957432, 0.32669378732239041, 0.82709382691183342,
        0.47579144085382219, 0.18723026850671923, 0.090385959251077883,
        0.3332091815572481, 0.3850299027178341, 0.1933391806733725,
        0.74272976822633241, 0.20393845471943453, 0.34215843358585479,
        0.45806199176384405, 0.54739386694697956, 0.84165980306256893,
        0.29141386368731748, 0.9708803958217288, 0.2412105896402115,
        0.51416320362915013, 0.76392980030412827, 0.95534444431501542,
        0.92322515857981469, 0.40233619197446385, 0.91272505105641777,
        0.95755802128723022, 0.87540044331217082, 0.77363393813367531,
        0.060808591149865615, 0.61489029598244205, 0.57003432291024736,
        0.43885581705918814, 0.45492209119567839, 0.24901570765862982,
        0.91063577161028231]], dtype=object),
       array([[0.25400899313536568, -0.058766731951811736, -0.012420605439530873,
        0.12061056405639595, 0.1250485924253858, -0.6092661197557033]], dtype=object)], dtype=object)

Last Cross Validation Set Predicted Values: 
(Predicted Value, Actual Value)
0, 0
0, 0
0, 0
0, 0
0, 0
0, 0
0, 0
0, 0
0, 0
0, 0
0, 0
0, 0
0, 0
0, 0
0, 0
0, 0
0, 0
0, 0
0, 0
0, 0
0, 0
0, 0
0, 0
0, 0
0, 0
0, 0
0, 0
0, 0
0, 1
0, 1
0, 1
0, 1
0, 1
0, 1
0, 1
0, 1
0, 1
0, 1
0, 1
0, 1
0, 1
