Running data/iris.data.new.txt Experiment with positive class = Iris-versicolor
Number of Hidden Layers: 1
Number of Nodes in First Hidden Layer: 20
Number of Nodes in First Hidden Layer: None
Average Error Rate: 0.6666666666666666
Standard Deviation: 0.0
Learned NN Model (Weights) 
array([ array([[0.41148940612589102, 0.67310835857968543, 0.75291389503040496,
        0.80964304112827179, 0.93364827433676068, 0.0017918713982534628,
        0.37572892059507829, 0.91108353796935648, 0.59890479775342476,
        0.08847235902225678, 0.96972889953764119, 0.47647761357171309,
        0.81264304004465104, 0.30213851816918902, 0.22982943799821715,
        0.099230440509135084, 0.10036302874457979, 0.068935269229921686,
        0.56818504135360359, 0.41299166323031083, 0.045911749770536081,
        0.067486256837024514, 0.39110795112745522, 0.135151675068546,
        0.37436511147867518],
       [0.02144665375342631, 0.33661458595737631, 0.96923562164451293,
        0.20028960475384072, 0.96366261816351306, 0.67161576103176601,
        0.38705525526827539, 0.32909985430458, 0.55172738044355374,
        0.2061376981359172, 0.2555014846136428, 0.19424449006398048,
        0.31854600077893097, 0.76135929329867025, 0.19604712217592443,
        0.11034203790322772, 0.81539848953107608, 0.91947328058122912,
        0.26553578135839662, 0.71983830684276306, 0.97689730540538611,
        0.31309485792418928, 0.38368228859613496, 0.99110152254909156,
        0.17908107543267177],
       [0.30687731389481915, 0.93524360063701151, 0.41062626826266435,
        0.26923432713402773, 0.35857926007617397, 0.29929085081091927,
        0.02883600805462826, 0.14030641739418401, 0.88819009402782079,
        0.21302552932541613, 0.87611214702178086, 0.050363783621958223,
        0.37860550711875157, 0.673299964440919, 0.83062536132717268,
        0.40117361243221872, 0.46250422835459593, 0.76028637832548429,
        0.083027224241547293, 0.16012665780991342, 0.53825488906988539,
        0.88074238521052994, 0.1926953424952621, 0.28784611872947613,
        0.97144285511489648],
       [0.96819042559773438, 0.96683475407760289, 0.045245042740047155,
        0.70459560940914501, 0.51052310613942842, 0.16487889741443953,
        0.4551148843582935, 0.37507453423993997, 0.95732248027891087,
        0.9095605489011408, 0.68856648087787742, 0.78486788645850158,
        0.83539126273687314, 0.047308781421723851, 0.31205168260066785,
        0.17944322987590253, 0.3333796691419299, 0.946176646835868,
        0.74717224559686135, 0.47541249957374454, 0.51186514941743733,
        0.15309641211264544, 0.56855278606981519, 0.29965200710555323,
        0.60165059088326012],
       [0.21348054953142032, 0.48926245317508016, 0.19679999887437821,
        0.11887454660571856, 0.18854945322406419, 0.40962034613859405,
        0.054598218428346383, 0.88049926231707232, 0.82280376141347455,
        0.2052479139748751, 0.31990776714411523, 0.55181884049223084,
        0.88125432262315284, 0.03412474763433989, 0.91398937896387478,
        0.37055510187557716, 0.92969602451004363, 0.99658191213842651,
        0.12613381734296758, 0.35518676839992247, 0.55481754950990469,
        0.1891634842425087, 0.027013785783256215, 0.35321000040434203,
        0.1426186614826917],
       [0.65163306611994798, 0.89668484841128604, 0.83963788790115723,
        0.28686921702988938, 0.89303894585365262, 0.025503341136065023,
        0.0095206419488834682, 0.13438228555873497, 0.47532201405093222,
        0.21053521995348021, 0.17845321754040067, 0.27015618903746752,
        0.74738244671730503, 0.43546270757312, 0.48124620884336966,
        0.12540922898469148, 0.54911937752102702, 0.50478113485249554,
        0.11411369250897774, 0.032853056899515107, 0.60681310092995044,
        0.78434444245939694, 0.98813204240167274, 0.72224086747318716,
        0.0042962996512374797],
       [0.72259594889843071, 0.5192586687256997, 0.93143687726750746,
        0.22145689584477474, 0.12955033599040525, 0.023731164940123537,
        0.36651364041516271, 0.27771166894087168, 0.59891749119081183,
        0.61083869733007168, 0.31475325392177839, 0.95528957447422591,
        0.84889435785380407, 0.60095155588184745, 0.55529533758398686,
        0.71050554877647265, 0.41360986895574225, 0.98144775910405058,
        0.20427841511073963, 0.71077815443860204, 0.36325418161283557,
        0.43324230071216319, 0.76714272767020097, 0.12585772144708512,
        0.059008376746632313],
       [0.0011729713947545601, 0.56023508274944589, 0.52306967102588142,
        0.62376900693850412, 0.73761845119847036, 0.11840381801868569,
        0.58882606072669053, 0.70122115482418512, 0.50886942950631586,
        0.75870625492592414, 0.8053829401828061, 0.93694453271249933,
        0.15076127897037014, 0.26498738849435205, 0.52012870896798269,
        0.32002313454540371, 0.68852002013998803, 0.56374378564549543,
        0.61729991314593824, 0.81455873666618039, 0.46262059302722086,
        0.7654648477340753, 0.28330864085784607, 0.34372163860118077,
        0.51030507465220476],
       [0.18622184205964229, 0.27319885117866521, 0.47670051541596625,
        0.95187798908603127, 0.92641042669682372, 0.91414149670431044,
        0.77253664066246241, 0.76041229665461796, 0.20966947074062228,
        0.15046618843485196, 0.87538979420312479, 0.96960271616453053,
        0.62410673862187149, 0.031630585021170277, 0.48735592455590626,
        0.39574836735731916, 0.64187143762688992, 0.059593325361104545,
        0.24378428703578015, 0.89923527958796146, 0.034625392212957296,
        0.53486940911891068, 0.51017515266380198, 0.67227153330522449,
        0.97977725905081481],
       [0.42402123846604467, 0.17280029189736143, 0.59963078443009055,
        0.92929425079675754, 0.60523012621597416, 0.075167913029246733,
        0.062553967899689755, 0.59175681131366253, 0.49984858810544164,
        0.92081316457947482, 0.69722465408835799, 0.16434787781180077,
        0.50967263262218931, 0.066567197495159325, 0.2087837590860642,
        0.52712439832063285, 0.59869322065836972, 0.77653540653390118,
        0.25283041391403394, 0.38540810706312656, 0.94888465742589068,
        0.41572671532103533, 0.56708586804003869, 0.3571645545113713,
        0.6639363900023828],
       [0.75303518035853456, 0.23574096948389076, 0.18697388637110787,
        0.6391848095236492, 0.086574738020054179, 0.43288775081671232,
        0.25658772780661593, 0.55738669532663221, 0.97622995537103729,
        0.63440856673523793, 0.91745681032640281, 0.53230358122302224,
        0.36863869270873439, 0.50831944624475411, 0.18045840135144267,
        0.41699496987727114, 0.15923376418511925, 0.64027086376558995,
        0.12110516034029617, 0.25308390315853663, 0.057458762935667276,
        0.16981821326848712, 0.98900332235180999, 0.25906861867480685,
        0.99732510469763513],
       [0.96519158583702014, 0.040335950325867821, 0.69702909841410754,
        0.888882650620757, 0.5248473674387355, 0.7814662035945561,
        0.82692058018126491, 0.41000141544451379, 0.52346198625476259,
        0.37398628267597478, 0.99039199758717034, 0.56210628711439159,
        0.34994083891881939, 0.36955226927509927, 0.94118995429294039,
        0.49280261759798594, 0.083214132879866037, 0.48679400438850329,
        0.37693598898264513, 0.16310642852494847, 0.10444776315116565,
        0.055658538938665007, 0.68967656437398994, 0.515438428904331,
        0.90758271721447947],
       [0.032387897130810611, 0.53347067183131502, 0.67645265185478076,
        0.17017740036053508, 0.77231604203105153, 0.62088299907510336,
        0.2021589989454822, 0.30531381396892859, 0.4320238593293334,
        0.46962643667783771, 0.16094994764225845, 0.33467829005517025,
        0.41558736332049362, 0.92516075802031794, 0.71676586799709308,
        0.8222427180010935, 0.99943706293909118, 0.5063790190583517,
        0.54313995845102658, 0.23672915954895682, 0.72964028499512668,
        0.67444815992744445, 0.21643333517035454, 0.66393311965309831,
        0.14039959956072581],
       [0.89761391391657375, 0.53734000920234459, 0.059168274013001544,
        0.049334983551047824, 0.14357932695991954, 0.77199077113145886,
        0.58797866227372686, 0.99282376243283232, 0.085035693622961026,
        0.5844514118800358, 0.42820873597939241, 0.7454003069426911,
        0.97300153067679762, 0.67088862297055196, 0.49724188125815105,
        0.75614228949591178, 0.031032686416876884, 0.42521399724999381,
        0.53860239535036503, 0.6475681839382853, 0.20712158865364952,
        0.96257312647654325, 0.48630966820104737, 0.19612169671717922,
        0.59341749271627819],
       [0.41318122325878093, 0.061349080401660844, 0.69712802669624352,
        0.71493111068076343, 0.66885163979256301, 0.82020740924332936,
        0.34438573569581543, 0.62289393506670476, 0.92197476589514338,
        0.2767130519735827, 0.80046487219856288, 0.82183056062560789,
        0.34854869455641435, 0.54114870844655882, 0.38126365368919762,
        0.53625085913871184, 0.62850024453212205, 0.5335651815134157,
        0.67872956686255681, 0.0010378157414836602, 0.28683958243837626,
        0.46543548052331873, 0.52937429419673732, 0.97806342660176049,
        0.11824842543313244],
       [0.52267800248423435, 0.76077079996852492, 0.25113852675163489,
        0.68174730373649228, 0.85692055936171296, 0.45032547555434854,
        0.62222117645536623, 0.10494522450150909, 0.78763031359080438,
        0.92182096860450713, 0.11735808454881007, 0.25321255550199628,
        0.58510279151721467, 0.0043581654115888236, 0.86700514268040296,
        0.63623686051756123, 0.94292334236999842, 0.3446689196094615,
        0.29780486771123682, 0.054898611306030007, 0.76305648587036723,
        0.90188704980763279, 0.92303063423623699, 0.70690118295707993,
        0.0020701448519195621],
       [0.93085735219405585, 0.34168318860020963, 0.69946486538864716,
        0.6222504298051843, 0.088232251008489471, 0.29850477401999187,
        0.078779290197827728, 0.76450081591205998, 0.75587669130018365,
        0.44623709754672475, 0.7960661742991102, 0.11600070175365272,
        0.39053862251476912, 0.63309161495292443, 0.9833074134252362,
        0.35767588496346286, 0.42982011596934422, 0.52900652997849551,
        0.21577732277536765, 0.16905880944971843, 0.94229332686853884,
        0.91938269821160123, 0.83593181861030763, 0.83003720486501198,
        0.53796144673850621],
       [0.55974855484939146, 0.33842163416079291, 0.6297080215370211,
        0.14160769447687893, 0.8872710799720831, 0.36347826978934833,
        0.90238670176447622, 0.18299720353621296, 0.46168966511963072,
        0.57272257111879887, 0.80450390199658739, 0.57150891995988595,
        0.26367693446562268, 0.6814320519330771, 0.79718963800348941,
        0.55430000730641305, 0.9804729443975494, 0.28997038943474834,
        0.22646754763442944, 0.9718247656416068, 0.19182867369521678,
        0.40174315384284354, 0.090518068863297094, 0.26169490206275808,
        0.80386322154982093],
       [0.90579198065076805, 0.75870261575609022, 0.23926200567847222,
        0.55320111981242071, 0.69079344514123331, 0.24307196333836115,
        0.50354207162492948, 0.52025622940493699, 0.43280868339386569,
        0.62230477465468381, 0.38637860431984861, 0.25154125640969793,
        0.23974519973839897, 0.83115920925411368, 0.44691954240113846,
        0.65005221614441466, 0.12209822949124773, 0.50552621890877947,
        0.27923188233949492, 0.95337281283474096, 0.68444076126059539,
        0.59739883819924788, 0.96324191196033104, 0.86073364004121133,
        0.86032205209597434],
       [0.35401010384997156, 0.55094201975985091, 0.90128468312183463,
        0.075755192109379324, 0.96585904117459886, 0.52556336832002037,
        0.47934325269177053, 0.89313722672305473, 0.97432374686993717,
        0.30587149740492248, 0.04000747615129166, 0.70045450883586879,
        0.60976585198334798, 0.89603650642349852, 0.96362469136014017,
        0.034441826820907816, 0.42656382388549546, 0.30235394219278244,
        0.28317201304628714, 0.39134675539686181, 0.15488995647269979,
        0.86091992078510793, 0.50063184694417562, 0.023332676674114101,
        0.042034353144725686]], dtype=object),
       array([[0.099612040098027807, 0.13345364752584685, 0.86247194096792357,
        0.063367608461495542, 0.42700851279892776, 0.75253635725567081,
        0.66718219106434462, 0.43201271436176658, 0.91677372944131585,
        0.73353823871781187, 0.91436013582504516, 0.37003840167661606,
        0.69865570825823498, 0.84725963751048305, 0.22194223329170149,
        0.16132502363197371, 0.22719548744017218, 0.55947755917554198,
        0.67246125923353806, 0.69566849174873679, 0.5168228785770147]], dtype=object)], dtype=object)

Last Cross Validation Set Predicted Values: 
(Predicted Value, Actual Value)
1, 0
1, 0
1, 0
1, 0
1, 0
1, 0
1, 0
1, 0
1, 0
1, 0
1, 0
1, 0
1, 0
1, 0
1, 0
1, 0
1, 0
1, 0
1, 0
1, 0
1, 1
1, 1
1, 1
1, 1
1, 1
1, 1
1, 1
1, 1
1, 1
1, 1
