Running data/breast-cancer-wisconsin.data.new.txt Experiment with positive class = 1
Number of Hidden Layers: 1
Number of Nodes in First Hidden Layer: 20
Number of Nodes in First Hidden Layer: None
Average Error Rate: 0.6594202898550725
Standard Deviation: 0.0
Learned NN Model (Weights) 
array([ array([[0.074009696207765097, 0.2355506178586094, 0.1434017220735832, ...,
        0.10482880420437424, 0.63827372395718607, 0.20847517143142635],
       [0.66984244020575268, 0.11922749680861514, 0.52729404126528101, ...,
        0.84984483713259684, 0.52240862016076717, 0.090448444042832449],
       [0.54778670481601965, 0.13733201230788356, 0.65912601620529521, ...,
        0.96297886829071733, 0.052883900836384064, 0.93251612541040396],
       ..., 
       [0.4670249765929832, 0.9296498232297119, 0.358012820594935, ...,
        0.39931455960468432, 0.49695867813024142, 0.020952080562968704],
       [0.27913934462527529, 0.37832050743794809, 0.72760002772218269, ...,
        0.06951114666574354, 0.79485316142608264, 0.69375907435783601],
       [0.42481914683190142, 0.20475143958084846, 0.69117721807659771, ...,
        0.24573666013191264, 0.31706399366710264, 0.81753341538782076]], dtype=object),
       array([[0.55494749758374162, 0.81547115478328691, 0.16488311445971682,
        0.92840254095859265, 0.9684098219386037, 0.33151503361815676,
        0.19531316808894369, 0.64798494208264124, 0.9829269091580678,
        0.90558980070785355, 0.98187641764630418, 0.85427000461400604,
        0.64554455525941579, 0.13757974894555, 0.58118097510014644,
        0.73413494777257626, 0.84151281167999326, 0.28897401954030505,
        0.02031250392147417, 0.74332648780055899, 0.47414142267139364]], dtype=object)], dtype=object)

Last Cross Validation Set Predicted Values: 
(Predicted Value, Actual Value)
1, 0
1, 0
1, 0
1, 0
1, 0
1, 0
1, 0
1, 0
1, 0
1, 0
1, 0
1, 0
1, 0
1, 0
1, 0
1, 0
1, 0
1, 0
1, 0
1, 0
1, 0
1, 0
1, 0
1, 0
1, 0
1, 0
1, 0
1, 0
1, 0
1, 0
1, 0
1, 0
1, 0
1, 0
1, 0
1, 0
1, 0
1, 0
1, 0
1, 0
1, 0
1, 0
1, 0
1, 0
1, 0
1, 0
1, 0
1, 0
1, 0
1, 0
1, 0
1, 0
1, 0
1, 0
1, 0
1, 0
1, 0
1, 0
1, 0
1, 0
1, 0
1, 0
1, 0
1, 0
1, 0
1, 0
1, 0
1, 0
1, 0
1, 0
1, 0
1, 0
1, 0
1, 0
1, 0
1, 0
1, 0
1, 0
1, 0
1, 0
1, 0
1, 0
1, 0
1, 0
1, 0
1, 0
1, 0
1, 0
1, 0
1, 0
1, 0
1, 1
1, 1
1, 1
1, 1
1, 1
1, 1
1, 1
1, 1
1, 1
1, 1
1, 1
1, 1
1, 1
1, 1
1, 1
1, 1
1, 1
1, 1
1, 1
1, 1
1, 1
1, 1
1, 1
1, 1
1, 1
1, 1
1, 1
1, 1
1, 1
1, 1
1, 1
1, 1
1, 1
1, 1
1, 1
1, 1
1, 1
1, 1
1, 1
1, 1
1, 1
1, 1
1, 1
1, 1
1, 1
1, 1
1, 1
