Running data/glass.data.new.txt Experiment with positive class = 6
Number of Hidden Layers: 1
Number of Nodes in First Hidden Layer: 5
Number of Nodes in First Hidden Layer: None
Average Error Rate: 0.024390243902439025
Standard Deviation: 0.0
Learned NN Model (Weights) 
array([ array([[0.052760776582568836, 0.8095408267424159, 0.44908179557283318,
        0.41884412572760299, 0.13296978902074608, 0.67233555827548797,
        0.32837863025232061, 0.29591147353279196, 0.71097095394558452,
        0.08592689673795971, 0.81449183932242997, 0.072773426753700132,
        0.59205722796003823, 0.55954005308787869, 0.60926994433823811,
        0.28832986328837718, 0.23133194152869727, 0.66731052134078739,
        0.0079172498739559227, 0.53869382971447122, 0.96429807097702114,
        0.48266338547361498, 0.56125382955136405, 0.8760490661355953,
        0.19083724740019459, 0.29491121552837579, 0.96951857879321557,
        0.94681434295974021, 0.84829409241794718, 0.10317259610202308,
        0.24974404401062753, 0.89126081023908577, 0.50379745823289723,
        0.98255550932496816, 0.41725945276000043, 0.90801336834478108,
        0.29041319310846159, 0.51355804309640396, 0.95234792488857856,
        0.22533659981043325, 0.15665853192410173, 0.99735057663384596,
        0.55099309478155789, 0.55722903435756466, 0.047646965789047944,
        0.59951761126203285, 0.5078711727449372, 0.15439953539991852,
        0.076181657272774719, 0.3002865527023249, 0.77833617454988957,
        0.45488862157222471, 0.99164573540564638, 0.086859816165829717,
        0.20168027274653236],
       [0.19690105232777877, 0.7895245856968145, 0.45696919667109859,
        0.27754767197081681, 0.36858520657993121, 0.27416760212496399,
        0.074150020875119571, 0.26391344827928687, 0.031036930085585716,
        0.65730297548753558, 0.7305076772245741, 0.96235610739346733,
        0.51455602101192133, 0.76356917615909081, 0.59328715707833679,
        0.89280446668917446, 0.048491251156365441, 0.66401800305942327,
        0.24857405073374172, 0.91199005918259823, 0.81655930919511976,
        0.93298000470244546, 0.94081597091678337, 0.898130729178925,
        0.0059201917697874196, 0.10199224456737033, 0.72439301901746056,
        0.86699144430738484, 0.81465444844582513, 0.48851294370233372,
        0.38872161822432788, 0.68228606355002042, 0.91043158488069276,
        0.11162302513265485, 0.83412446012794583, 0.3253648414023888,
        0.76024432782327489, 0.32681075194886927, 0.48086885493359621,
        0.7349689000523062, 0.04374498781717958, 0.57383910668869154,
        0.16997256294913926, 0.94842769209337419, 0.248357289897983,
        0.15337820692166246, 0.7162220639629171, 0.42902694029769139,
        0.34427538522865525, 0.23893375897010324, 0.84743737932262453,
        0.72558983853826453, 0.76711820314769308, 0.80396090391310271,
        0.64417985072531603],
       [0.77933615787873456, 0.60243113098710777, 0.092839862517647656,
        0.90037210874427409, 0.039642591547467278, 0.73211719736490599,
        0.84311853721900076, 0.4215602252665846, 0.96606272858198017,
        0.78830447144840621, 0.63912546356415434, 0.99109033677973057,
        0.20888440802327521, 0.93853751322686918, 0.6216939002258145,
        0.051315426837849454, 0.63344888060551219, 0.7138814626943295,
        0.67906401116007786, 0.9749737190943214, 0.60177701625225499,
        0.40761487633598914, 0.53424649653945966, 0.51868216935860578,
        0.12226918078689042, 0.59047707695921259, 0.22603838565215426,
        0.78337052623431103, 0.53675358293373066, 0.36645710323467723,
        0.0108570237939093, 0.53204355065722697, 0.054954604043868448,
        0.15300429703520779, 0.32156022454789024, 0.53324373047041751,
        0.67116185589913613, 0.052632286896161229, 0.40094797329848469,
        0.74988983010863475, 0.72830216288652883, 0.66715656242583488,
        0.21941696455851081, 0.3910764035614534, 0.27807317090246592,
        0.50844265510205744, 0.89423832600889241, 0.54988527404284815,
        0.34954093101147971, 0.8744342445513561, 0.75228775176888263,
        0.29259266867312927, 0.70591971989238045, 0.40442749126418182,
        0.65498102162101635],
       [0.43847819426143797, 0.99844878642491353, 0.26224571482046471,
        0.63711357423383808, 0.97665772061837042, 0.92620351791969091,
        0.098142557956550802, 0.45821193640043917, 0.82471040302714038,
        0.57910773384868153, 0.59600524794940923, 0.93327257300795874,
        0.50773196205519222, 0.96097102272559898, 0.32393411511452302,
        0.78079342817483344, 0.23779130769804963, 0.34349681913000396,
        0.68676328528025465, 0.71165451764477272, 0.977913913673082,
        0.79597757739110142, 0.76587257163046996, 0.29055330615031622,
        0.60145301127679074, 0.56859922303549093, 0.9755649857411518,
        0.68298091802068828, 0.76162721017684532, 0.60080864041982818,
        0.57112801560000959, 0.0015382620503500205, 0.43772547957201441,
        0.80718117841083215, 0.26338083066412143, 0.82358923693238073,
        0.58982034767619174, 0.31345240667484814, 0.93068001217849583,
        0.12563715781150503, 0.7766343059666061, 0.47628749755432598,
        0.86844555472783169, 0.14459729897304666, 0.61931327655532165,
        0.18085959946575045, 0.6807349010711139, 0.075439392883539444,
        0.76902977185583654, 0.77563683237161096, 0.50444685998067806,
        0.30355717518251873, 0.090883137735481179, 0.72114985387986175,
        0.79352997973863992],
       [0.55174280640828555, 0.34824213021560146, 0.059454088201454182,
        0.38870890559096505, 0.95942519723834652, 0.73203518792448707,
        0.43865154286454289, 0.94447562800568896, 0.10262907771280376,
        0.70465749441567405, 0.45677185113244023, 0.3619785985337961,
        0.27496452266195581, 0.3994011341841564, 0.89001817305116959,
        0.64926487544107458, 0.73473323836805371, 0.42013474851168425,
        0.080007235538710253, 0.23660470177040413, 0.45972401215041214,
        0.85068524559108949, 0.68836938768358213, 0.71493951507493303,
        0.562585342946056, 0.1511392383762129, 0.16968256030050732,
        0.40227860140072808, 0.59498859793586634, 0.39287417710609512,
        0.16187597944013463, 0.085936349104423368, 0.68988419395916489,
        0.98691201011624097, 0.047775970305440896, 0.43035832468127144,
        0.28311604827388703, 0.84723878000867481, 0.84338063330014079,
        0.40399740265994938, 0.32409420039159104, 0.89206141509634151,
        0.48100148052283181, 0.9513429766423368, 0.32838880460579956,
        0.11192322293592746, 0.96108066402390013, 0.87352844589033163,
        0.68809401889391386, 0.1159239266565479, 0.41490844800250121,
        0.135609432303231, 0.25962755332991394, 0.25252159246723127,
        0.13653732001394858]], dtype=object),
       array([[-0.28785129859186215, -0.86305148868897841, -0.97426970316797357,
        -0.3916070314429364, -0.42816612484836652, -0.6229822993547854]], dtype=object)], dtype=object)

Last Cross Validation Set Predicted Values: 
(Predicted Value, Actual Value)
0, 0
0, 0
0, 0
0, 0
0, 0
0, 0
0, 0
0, 0
0, 0
0, 0
0, 0
0, 0
0, 0
0, 0
0, 0
0, 0
0, 0
0, 0
0, 0
0, 0
0, 0
0, 0
0, 0
0, 0
0, 0
0, 0
0, 0
0, 0
0, 0
0, 0
0, 0
0, 0
0, 0
0, 0
0, 0
0, 0
0, 0
0, 0
0, 0
0, 0
0, 1
