Running data/glass.data.new.txt Experiment with positive class = 2
Number of Hidden Layers: 1
Number of Nodes in First Hidden Layer: 5
Number of Nodes in First Hidden Layer: None
Average Error Rate: 0.34146341463414637
Standard Deviation: 0.030851489367496394
Learned NN Model (Weights) 
array([ array([[0.050669914250205061, 0.86635628164201817, 0.77790148778392187,
        0.166580045083531, 0.73466252168183888, 0.9434866882485754,
        0.31093086007502613, 0.60772787767683978, 0.88585891737868394,
        0.6118677899947802, 0.3762109849858265, 0.71809683208340236,
        0.16572272223815471, 0.41467648212353853, 0.59679328079701555,
        0.60095669171988675, 0.113066819931985, 0.33757443104254709,
        0.32465648629483734, 0.97557594711076523, 0.038809180164539887,
        0.0029933569295501595, 0.39056889788882571, 0.14739878660227942,
        0.0019576842817455864, 0.45913643044949387, 0.89512717365954453,
        0.39398050118501043, 0.36367826661639946, 0.51783855157339587,
        0.87464185226722435, 0.69198623361302602, 0.53919705952874786,
        0.59985494480357848, 0.58378486185799006, 0.10337152440340099,
        0.75581513808097323, 0.39062318684185754, 0.74638737826149482,
        0.49266262487316964, 0.23992400399178912, 0.69642393094226718,
        0.38540506172653766, 0.69408264387316498, 0.74234989143694108,
        0.97844409237277075, 0.94797470917844529, 0.39478091946075072,
        0.70365810663819672, 0.53445885620671496, 0.88483738146803725,
        0.61901009219676795, 0.22374534658247322, 0.64398953312866214,
        0.79989122680708746],
       [0.68796801931043872, 0.079879118103527963, 0.63798055823333155,
        0.64540591350029863, 0.86428432333000826, 0.58999109402010363,
        0.2207874578912371, 0.74236167271886255, 0.66176867592312871,
        0.7057668025424727, 0.088457701897614732, 0.67973900574060875,
        0.88328802204357648, 0.17070244540128895, 0.044957044776490616,
        0.95343605373749896, 0.25832084509684655, 0.065445704797632606,
        0.089025500246129277, 0.62644185370220185, 0.89490721521235628,
        0.4042215601438317, 0.63494186323047064, 0.24335483855296178,
        0.71990505119096826, 0.76152713164780805, 0.4074436322357245,
        0.64331622086251228, 0.029352687303450621, 0.91396821442300169,
        0.64161310378825331, 0.32919754677890983, 0.26756520531477573,
        0.67610708929298169, 0.60145558212169248, 0.45142763900464167,
        0.98764367662446229, 0.87592653416221733, 0.60900020722627124,
        0.27081868681764421, 0.51262859235581093, 0.85216794966539688,
        0.40436199517210586, 0.54926322256004201, 0.97944379792590508,
        0.044236428464294521, 0.30156299571692335, 0.82181937897075552,
        0.72151410954419815, 0.67857584803945548, 0.54240627929296381,
        0.022818117431945045, 0.021356212205742253, 0.80944281502361692,
        0.4438651811380947],
       [0.098223479486689969, 0.98543813439792305, 0.71623924455204713,
        0.88166586738429698, 0.27189457893000385, 0.36882239094189717,
        0.70351867092446307, 0.917780643811132, 0.023707655124520693,
        0.18102380676320973, 0.62256973412551475, 0.13570484248738812,
        0.49634684291171638, 0.86864970151402809, 0.24515214734978874,
        0.26499767379044414, 0.067203050147070412, 0.57310109237944828,
        0.51578272637106948, 0.7585974319576213, 0.19062593652806598,
        0.7976706235962584, 0.10058252131167998, 0.16104635370210879,
        0.76566521719109604, 0.38327212595028376, 0.53078941019486048,
        0.80805153133096808, 0.14315700028772568, 0.3426822868608887,
        0.67946125452736073, 0.30788927263313737, 0.92871515536590388,
        0.57040924259487102, 0.39664691991913437, 0.91531987770062428,
        0.81402435377665461, 0.78394093998031655, 0.070997565556968525,
        0.034166771579503055, 0.78502884924622662, 0.71643945055679659,
        0.56530997861193089, 0.1805576069213454, 0.77722919137876434,
        0.32895346389734947, 0.16569321543940169, 0.50240996450040909,
        0.11944203236327076, 0.028374895299028976, 0.036215718297196664,
        0.47054658146413014, 0.11879007849011582, 0.77226203183944897,
        0.66317774848532429],
       [0.53240384199685764, 0.39500530548649337, 0.21983761780304692,
        0.85374572815921823, 0.1993916098732724, 0.26942333191548928,
        0.43299172190681623, 0.31351209156156856, 0.73023070219559005,
        0.6792484443950827, 0.16629086449774239, 0.54107441764126263,
        0.8539008100895279, 0.82346257885849961, 0.19269321998635888,
        0.40833484941341724, 0.053559748724153811, 0.16784226639892191,
        0.27223177306279056, 0.1528831452627224, 0.47692142007226435,
        0.076385251652450067, 0.28062237376372978, 0.16529750822217529,
        0.19104892188262734, 0.98935393934933213, 0.094412217651263078,
        0.28184367244027936, 0.83403515486866431, 0.58723890797129341,
        0.92681798582640795, 0.86376249580209064, 0.61512511192208286,
        0.455734338605152, 0.55693720095830457, 0.85923641305112464,
        0.2777337521112383, 0.047207361040206022, 0.76739484802498548,
        0.639734184963064, 0.80577127181607699, 0.5427775591689834,
        0.63241215842181042, 0.26673162065935724, 0.56844959918765148,
        0.28540914824436187, 0.65409147244922805, 0.72006109498672133,
        0.50196384330280852, 0.67214860504150109, 0.8982604322719997,
        0.056904018769239451, 0.57686336773914892, 0.83785382991456658,
        0.84333930687235725],
       [0.79460628602030203, 0.076652945998550076, 0.72973917915913822,
        0.11468954042541191, 0.8302106724221987, 0.81491397999495507,
        0.027542246537093806, 0.26752649524398586, 0.97790352161506922,
        0.64136612874645982, 0.22688712551906742, 0.76308369449192992,
        0.55349139988116347, 0.77027825397837602, 0.42239112712236909,
        0.5051668130129745, 0.98534772792599512, 0.54716840798755195,
        0.8861091283686926, 0.88384380888698943, 0.23183406603436665,
        0.58245548747657849, 0.83331961588338366, 0.70202829012109857,
        0.38821446340572008, 0.64699683385975637, 0.59440267465142405,
        0.29562851972812765, 0.15608918044207382, 0.68501570835464076,
        0.68812639624902328, 0.7410285180188334, 0.73006965545180891,
        0.53997238948348292, 0.09637198696007121, 0.90356254067126207,
        0.44398718145017452, 0.45797616281021469, 0.72846916279545604,
        0.13612974286057899, 0.72451386976873922, 0.78745471147171275,
        0.86282547225250739, 0.33785820497664004, 0.44718802694679038,
        0.27271670519881874, 0.062847427853454652, 0.73377199995893538,
        0.59478422257514996, 0.43926435283990378, 0.11776270639658228,
        0.014018217148107392, 0.1859079559797937, 0.27176063999814365,
        0.4462377461111009]], dtype=object),
       array([[0.3934672598549499, -0.38498231769704938, -0.030651361336683836,
        0.053373267448009951, 0.023812458787921653, -0.08747882481602026]], dtype=object)], dtype=object)

Last Cross Validation Set Predicted Values: 
(Predicted Value, Actual Value)
0, 0
0, 0
0, 0
0, 0
0, 0
0, 0
0, 0
0, 0
0, 0
0, 0
0, 0
0, 0
0, 0
0, 0
0, 0
0, 0
0, 0
0, 0
0, 0
0, 0
0, 0
0, 0
0, 0
0, 0
0, 0
0, 0
0, 0
0, 1
0, 1
0, 1
0, 1
0, 1
0, 1
0, 1
0, 1
0, 1
0, 1
0, 1
0, 1
0, 1
0, 1
