Running data/glass.data.new.txt Experiment with positive class = 2
Number of Hidden Layers: 2
Number of Nodes in First Hidden Layer: 5
Number of Nodes in First Hidden Layer: 5
Average Error Rate: 0.375609756097561
Standard Deviation: 0.03308453650305007
Learned NN Model (Weights) 
array([ array([[0.39691641238344749, 0.63201473235738015, 0.62979398141063347,
        0.90768766914902455, 0.92821831271302102, 0.53304762259658955,
        0.7441217651761457, 0.44358052150017158, 0.71745265536857106,
        0.69997974714199929, 0.45201928904690553, 0.79713582356127199,
        0.51767897922421213, 0.9697289102851443, 0.74394264334108817,
        0.58758711939929487, 0.68135702469632176, 0.77956537634393741,
        0.75689989455045092, 0.67222300042274796, 0.046445036910903313,
        0.42275791579367716, 0.12439305929895976, 0.62551743930241444,
        0.71754599400979424, 0.96857652351671941, 0.18773627003686089,
        0.29955228680201107, 0.12540019196394278, 0.1769865685387241,
        0.35680547898418868, 0.39325615979761036, 0.81034771132973937,
        0.82108012055082624, 0.91863121856792718, 0.50578333670019282,
        0.94320481701014092, 0.37522538855999221, 0.21469523554617809,
        0.44016498245405111, 0.021253560337566556, 0.68409177999765025,
        0.30155557984556142, 0.1805306536996007, 0.46281920568005591,
        0.64602219771807834, 0.52443014157103585, 0.25316839701508498,
        0.70113098730483114, 0.2110368131728686, 0.79583487684358079,
        0.14710062729972817, 0.50424584735796329, 0.79148287755311642,
        0.79795700245483892],
       [0.13980978115739995, 0.96244207657468284, 0.14064966866379755,
        0.8995725363220094, 0.60658221552206126, 0.46419511112072676,
        0.26305589122515782, 0.10604941240524535, 0.41624750740065414,
        0.24896957995967703, 0.17880885405798577, 0.63784050074042109,
        0.84061256649948257, 0.52503790092650449, 0.72888538868209418,
        0.15016513146098334, 0.81697385996901439, 0.16250645873005351,
        0.032851048020547939, 0.23152079654732291, 0.94934543011611672,
        0.7439728491757911, 0.65568286291746292, 0.73070744998236381,
        0.034083336940653575, 0.70889826626891361, 0.57798290359161297,
        0.95391994043993444, 0.4750312104761491, 0.344247069828992,
        0.87118599588714885, 0.42693575851032711, 0.10282225980691215,
        0.023903231222411392, 0.75592163433592385, 0.26415517163380359,
        0.37106457428887452, 0.17399959544952295, 0.8628319378537963,
        0.17050930256414784, 0.026639026294898931, 0.31968080628385565,
        0.047901425473850581, 0.94882548832078761, 0.88717865391099548,
        0.86706279861601165, 0.09471144552670524, 0.61989926095186343,
        0.25248625565475397, 0.84844110504652959, 0.54796933026352568,
        0.73798564081948526, 0.64171982181150056, 0.57217847045923886,
        0.93058170551191133],
       [0.85648975961429907, 0.93513810072188197, 0.74293777877421896,
        0.27555713113570762, 0.12868772681486271, 0.99065720453863915,
        0.33385031427779677, 0.48017945404214446, 0.26822920980566517,
        0.51450761139655599, 0.09706871115935338, 0.57917080756427852,
        0.24446421285353034, 0.48356919327097952, 0.74079380216292678,
        0.047107731703825768, 0.87738662640186083, 0.47733944534737827,
        0.60587254655724387, 0.61009187944115739, 0.27444750976826482,
        0.81752903999645865, 0.55658856583894722, 0.20264130278039361,
        0.49182824516630619, 0.97148550160728875, 0.81236509984607919,
        0.60114644688134111, 0.37108787905676788, 0.94299425391153835,
        0.045289779658556011, 0.7766088902919891, 0.2091492113673325,
        0.2650661602672259, 0.38531388584324666, 0.44131005317369298,
        0.36461290832986637, 0.07128917394755957, 0.03160751067908641,
        0.65356581525476554, 0.61225707937071028, 0.76690689013216495,
        0.010086169242311309, 0.1878349571965055, 0.95256535613379378,
        0.83515403073166183, 0.11199347716334099, 0.88456535580591134,
        0.43356250699334409, 0.41110746260692255, 0.97675864569007542,
        0.44798879992768575, 0.36169303714469664, 0.10810526877518629,
        0.71226085324071553],
       [0.81340644285483454, 0.32567006825605233, 0.48440097403906135,
        0.71558068208221826, 0.17979226349683761, 0.0084716315884272309,
        0.66817380730348652, 0.64297582920213581, 0.22761285441927784,
        0.48931197058603881, 0.96735888938087911, 0.11350188870124399,
        0.69351317601003881, 0.23421735689404555, 0.20896202714834075,
        0.71292886707861358, 0.96543852553808529, 0.41570386997127662,
        0.48492182558951896, 0.69751764331437449, 0.48005219291052226,
        0.43254084569989504, 0.53531574502213342, 0.32053794737209557,
        0.93644950668249682, 0.16971711265874262, 0.27554673643236738,
        0.84836034864047372, 0.23845432381962053, 0.9179113383875187,
        0.45829477011682251, 0.01554639171814122, 0.24218046333148363,
        0.33306347985488938, 0.76597085428254907, 0.74579444650546833,
        0.68773277672244282, 0.32833931967336072, 0.017095604634968987,
        0.89453510760186083, 0.39587111839086031, 0.29466967552554779,
        0.80693860319995947, 0.89500512760770878, 0.50606291685375793,
        0.87911153656803231, 0.92848598183893805, 0.91705343901298664,
        0.25591069890247159, 0.055325653868055082, 0.67004294813895982,
        0.92101702229500437, 0.7440990862794884, 0.33419984075131881,
        0.29908091096398737],
       [0.037052189150808726, 0.25277835912330926, 0.8483479442373435,
        0.58041391882758187, 0.62277407139098573, 0.14481407578755268,
        0.028380699675953802, 0.28322646846730776, 0.5187328033249089,
        0.37039374534330993, 0.23173802598246029, 0.59336087394301018,
        0.11819574259204677, 0.076993496389500621, 0.021931184272062407,
        0.63907797061114424, 0.35318964390344992, 0.90668318547117444,
        0.67457403069235089, 0.28064447113882512, 0.4952688604301102,
        0.62579673814695247, 0.077724704996602653, 0.66877024481568859,
        0.41279507124127135, 0.38533037901251138, 0.78105399294029088,
        0.069667713225891229, 0.49709792232729522, 0.72250278324096606,
        0.68464890471903583, 0.44105960484000101, 0.36186169645812871,
        0.91539188177750297, 0.90397631685901281, 0.04836507543314221,
        0.28213395112480788, 0.29945459848319084, 0.585724590014845,
        0.11768363948394453, 0.0004778064130724964, 0.066432827521009818,
        0.75182567013036627, 0.10054322791724885, 0.14133454402782425,
        0.33796802429367001, 0.24966757516033145, 0.54753214263956085,
        0.25555377284357494, 0.50728528078565671, 0.0043707227162997526,
        0.24283013140834511, 0.37271388381287296, 0.48153080369073892,
        0.27881802520518062]], dtype=object),
       array([[-0.38390338207695496, -0.42872802594416082, -0.36605843147148698,
        0.24692814262401455, -0.39916084467680546, -0.43395965098022876],
       [-0.21159104723574004, -0.53715233125822248, -0.08497745252409028,
        -0.40717420249943975, -0.16056229234342789, 0.036114295326510039],
       [-0.11081453127489406, 0.054572366555841814, -0.46715873269758684,
        -0.57522167624518283, -0.10926073407532208, 0.023711637193378068],
       [-0.39098031293084501, -0.039857481456032087, 0.084491681954587866,
        -0.31922300382923563, -0.5183221199643786, -0.15996184002256453],
       [-0.34339353739453077, -0.19674913743114109, 0.040321333416224674,
        0.14849589017582276, -0.21942104434197424, -0.12119806786349843]], dtype=object),
       array([[-0.070506247974883376, -0.08658065780884168, -0.074466556779574991,
        -0.1050614681029704, -0.19758850742984166, -0.3894473092952918]], dtype=object)], dtype=object)

Last Cross Validation Set Predicted Values: 
(Predicted Value, Actual Value)
0, 0
0, 0
0, 0
0, 0
0, 0
0, 0
0, 0
0, 0
0, 0
0, 0
0, 0
0, 0
0, 0
0, 0
0, 0
0, 0
0, 0
0, 0
0, 0
0, 0
0, 0
0, 0
0, 0
0, 0
0, 0
0, 0
0, 0
0, 1
0, 1
0, 1
0, 1
0, 1
0, 1
0, 1
0, 1
0, 1
0, 1
0, 1
0, 1
0, 1
0, 1
