Running data/glass.data.new.txt Experiment with positive class = 3
Number of Hidden Layers: 2
Number of Nodes in First Hidden Layer: 5
Number of Nodes in First Hidden Layer: 5
Average Error Rate: 0.07317073170731707
Standard Deviation: 0.0
Learned NN Model (Weights) 
array([ array([[0.59514985907329965, 0.20641314650746853, 0.997191163977178,
        0.15254439283281263, 0.59332843466031226, 0.17778636650836527,
        0.025747301298422287, 0.56317160387373544, 0.94044645861608422,
        0.27501933208651214, 0.58651271334333599, 0.067126066823478131,
        0.38264777934599359, 0.62228794386366681, 0.28690383003981507,
        0.67383262067292993, 0.22586774830364992, 0.21757208419785501,
        0.69273493621177473, 0.038250644197539145, 0.59650806590551786,
        0.55113873361498922, 0.40721927497741828, 0.66414619186989066,
        0.7542298668465619, 0.84703024866365928, 0.049922190975233774,
        0.80262169977805808, 0.87525697754782927, 0.66335586509112687,
        0.17242353821534748, 0.29186618950990595, 0.5987553852148001,
        0.76666658289461398, 0.79319734258274677, 0.22702747086793609,
        0.34551872535715999, 0.69998980599884653, 0.80024700671554561,
        0.016152862780690825, 0.85320038559553313, 0.97370401490595182,
        0.6919072438697379, 0.86729282825015774, 0.66752561657999598,
        0.30169243187920514, 0.99590489367027091, 0.018537583035820007,
        0.61116271856524684, 0.3528748810531207, 0.55896952095637542,
        0.26379148680397274, 0.89492607557974713, 0.13388835454298015,
        0.64587491090416138],
       [0.92169256307915959, 0.64722469838010421, 0.24089321778079892,
        0.13157440047656338, 0.52738004022512952, 0.59120596332162567,
        0.72934280712877375, 0.7630951774869511, 0.46186149406191424,
        0.13034922415503739, 0.39565742026950762, 0.7968539318500073,
        0.98614146336949426, 0.051478785910066972, 0.91221887024537696,
        0.31682129903354073, 0.84532642809639602, 0.4426089359813728,
        0.97911753281160241, 0.1164960333246749, 0.58994526338512965,
        0.25037123782465681, 0.29623505566649661, 0.49567346147229069,
        0.3220507515876625, 0.24658734052719003, 0.93245905528246209,
        0.78022603671904134, 0.6753606748415194, 0.021231266098862809,
        0.19176845439284734, 0.074773528870729675, 0.41539324263577998,
        0.08811010054921585, 0.82989688987781474, 0.67025800689646631,
        0.56395313365610533, 0.080457375256347552, 0.44588054811404632,
        0.69998489797425989, 0.93951766211939258, 0.086097116291699929,
        0.074671114543075692, 0.25589150075831046, 0.5078428252951348,
        0.81746049966079659, 0.78593009452598817, 0.70514585307357158,
        0.81624340945608409, 0.75349144094625409, 0.088512706734497862,
        0.98053476660069305, 0.38979863224652817, 0.81918450443190427,
        0.81805354936851793],
       [0.64587476551971235, 0.23363818581987139, 0.30389913739063074,
        0.1116137421311334, 0.57551538715660666, 0.46094545015614302,
        0.48409512085147111, 0.59266589297486172, 0.87416364413092651,
        0.26743433508681513, 0.048112212618370141, 0.72792516932770035,
        0.80242152245614484, 0.38503225887743087, 0.35224008912436094,
        0.47054067728870819, 0.95463507896401667, 0.70376409162929388,
        0.38417360586185023, 0.25548885238655411, 0.91616453738897707,
        0.2825865137779271, 0.67276901807673672, 0.12908634190267659,
        0.22764240220770904, 0.85053599417320025, 0.037225228945908434,
        0.24850076417283612, 0.46256732046982052, 0.3489312613128015,
        0.78125747128733114, 0.032201370082370596, 0.79959098840049014,
        0.47989756238118758, 0.14234975120958471, 0.78313903488225312,
        0.73609377247841357, 0.26428955167450047, 0.67083514110967724,
        0.34814425607254879, 0.021784170759983526, 0.41487769805530567,
        0.19821698950500879, 0.46884310836442689, 0.75109728996647784,
        0.78705325681738525, 0.71909259339955922, 0.88545674839397237,
        0.88685906711906204, 0.05241052194862366, 0.38005765002402858,
        0.9511629280655427, 0.73378824924034514, 0.28242630779391614,
        0.32442067544983355],
       [0.21133145622245572, 0.68695649613767107, 0.15985438346148473,
        0.51305323599628805, 0.90578375855236493, 0.75523711969336715,
        0.90236166269412932, 0.58860501641240481, 0.84629949829677664,
        0.3795534526669907, 0.45598387285922837, 0.0011492856236104609,
        0.080967831157894049, 0.22172349253430917, 0.86841976651378705,
        0.71793000997781509, 0.073787908354515416, 0.071828984831224255,
        0.81727402225792722, 0.8681892736832012, 0.89432841612252456,
        0.8633148207569723, 0.045798767107780546, 0.79908155571819728,
        0.40287675081214969, 0.39661005116438225, 0.29498339802192725,
        0.6420371642362358, 0.50309493809467287, 0.090607923598489848,
        0.92990134987169715, 0.33336629265475209, 0.49647448452329945,
        0.011902648337635404, 0.085791933015497146, 0.79583986905061177,
        0.738984280845009, 0.35644120504974242, 0.31014391039095274,
        0.34429927127274212, 0.97490473087540575, 0.36506442286902552,
        0.57876734565802701, 0.34022162335432005, 0.68261787389450979,
        0.33014140162173317, 0.96664961312149578, 0.30653986163232549,
        0.40398482991291501, 0.83499202043330467, 0.64458945117934863,
        0.69515343607491886, 0.53745943062086288, 0.88971408339556446,
        0.82007366511549884],
       [0.37671808452993216, 0.56048336293515022, 0.577542826738215,
        0.046819267201702229, 0.86650272167312059, 0.47105336265361414,
        0.95400483881351616, 0.10302161406670449, 0.45957108596398755,
        0.53600617100166803, 0.57738024929206011, 0.72900507101772305,
        0.91240322688160336, 0.11008765591241521, 0.58613901990434292,
        0.98751192848267411, 0.23663160727321361, 0.99828035845332885,
        0.070582126252815652, 0.43044436583702278, 0.76709490354190135,
        0.90405773989908433, 0.89502334721281074, 0.002956678011861183,
        0.43324019572878947, 0.70201725703660589, 0.89950620409430071,
        0.64230790126174753, 0.09974298310295121, 0.90561109655850669,
        0.13720600848829739, 0.96824053177576686, 0.93589298907218132,
        0.6087064342893711, 0.66931908843795429, 0.28125916410666879,
        0.42072364096733528, 0.85588705822968247, 0.71316549967805043,
        0.091453338622550562, 0.048516828304011904, 0.24316727227117607,
        0.51407403307876831, 0.17712670847255563, 0.81362865831353393,
        0.26578371404674622, 0.74894268605986802, 0.53962349066329596,
        0.10317164059135865, 0.42325723099653212, 0.5179308165482952,
        0.39786219330009265, 0.72452833630081404, 0.59224760114223163,
        0.9263876405669933]], dtype=object),
       array([[0.67977627335299262, 0.17663004304980098, 0.29450335875246353,
        0.36777586440319049, 0.78802208949075037, 0.73668091215612896],
       [0.035533487032286648, 0.078104207237803952, 0.32636294078692357,
        0.83286409174217846, 0.012785366478504314, 0.63937258888837367],
       [0.15209271737479593, 0.41139986799772293, 0.097745790336227226,
        0.60989047739455304, 0.51183651304190436, 0.025579157973651283],
       [0.4582021394578154, 0.84783129930718903, 0.25156403050897441,
        0.81147358763140909, 0.18370314135859939, 0.8339927119504158],
       [0.1178610838502207, -0.013292611268709609, 0.79314060779274276,
        0.26789208543341719, 0.5281594493273406, 0.86197248354894629]], dtype=object),
       array([[-0.4596542934900576, -0.07232514453963601, -0.3485317984114043,
        -0.32356171063213318, -0.33475826921702134, -1.072509681184514]], dtype=object)], dtype=object)

Last Cross Validation Set Predicted Values: 
(Predicted Value, Actual Value)
0, 0
0, 0
0, 0
0, 0
0, 0
0, 0
0, 0
0, 0
0, 0
0, 0
0, 0
0, 0
0, 0
0, 0
0, 0
0, 0
0, 0
0, 0
0, 0
0, 0
0, 0
0, 0
0, 0
0, 0
0, 0
0, 0
0, 0
0, 0
0, 0
0, 0
0, 0
0, 0
0, 0
0, 0
0, 0
0, 0
0, 0
0, 0
0, 1
0, 1
0, 1
