Running data/glass.data.new.txt Experiment with positive class = 1
Number of Hidden Layers: 2
Number of Nodes in First Hidden Layer: 5
Number of Nodes in First Hidden Layer: 5
Average Error Rate: 0.37073170731707317
Standard Deviation: 0.06434588272328252
Learned NN Model (Weights) 
array([ array([[0.90441540884257521, 1.3651353090326399, 0.74936397678830735,
        -1.6210782008609437, -0.22726604411542434, 0.62189066833273798,
        0.013567585892679812, -0.47846200312849302, -0.71483697259915568,
        0.69299382553693312, 0.39318050934306698, 0.60455889167418053,
        -0.55237232743897657, 0.80336847630529462, -0.028750204429035645,
        -0.42774515526932672, 1.3684263162118078, 0.36402969214870762,
        0.34463770997659621, -1.8450471854968369, 1.3141347676184876,
        -0.96134091853914205, -0.040029042692251889, 0.35089458576798288,
        0.47462279562637566, -0.35569167540204949, -0.49785593192210914,
        2.3133892395047768, -1.5389862816575446, 0.23560701104210729,
        0.48021224460098283, -0.70914596203837366, 0.36511405651204948,
        0.28595215021631126, 0.44116321015579751, 0.22509550100837089,
        0.050935573179663046, -0.15500734960312285, -0.91504015898744717,
        0.091031424377296832, 0.55042793638087273, -0.1526496417891697,
        -1.159304323277178, -0.02661897703924768, 0.044024972961246481,
        0.076231131437579827, 0.81690176376000034, -0.015477066541790256,
        1.161487563349604, -1.6077612556019578, 0.47448402983179327,
        0.15544978831787215, 0.45224606980133319, 0.12502363577714976,
        -1.8879330781957078],
       [0.27918472224220009, -1.5124475643196282, 1.115246679299033,
        0.2665883180861589, 2.9056412355715655, 0.4053366756199101,
        0.04470556542654025, 1.4370182877122866, -2.2365910873913721,
        3.1431563554124269, -0.018319689204674989, 0.25146742981947429,
        2.1259460860846686, 0.94459005127921869, 1.3567913707528341,
        1.5054901037987183, -2.7660880529285614, -0.068168147850876423,
        -0.80090190725019272, -3.6609234956350365, 1.4234429747290136,
        5.6677882141269489, 1.3285539169723461, 0.91669691739082115,
        0.22877681319670917, 2.1288093449646248, -1.1492152455996194,
        2.3703460426554508, -0.45541794237117506, 1.0951411565608276,
        2.7991975399208608, -1.83792307213687, 0.923145724853628,
        0.62255263080778045, 0.98315935209868233, 0.62144571338009102,
        0.1923487522508229, 0.95005095489265601, -1.1098057860462736,
        1.5182561276205797, 0.98365711243677134, 1.6830567387014315,
        -1.0146398676904069, 3.6887765864592086, -0.58607413158268362,
        0.92003730330097178, 0.74111623922770964, 0.81023528181305782,
        -2.6236842210175699, 0.91045322059729361, 0.82323856542426299,
        2.569010683714879, 1.2514295095874071, 0.26397692241003501,
        1.2401331080379554],
       [0.30972887586208164, 0.14247194079234274, 2.2072057656462101,
        -1.40877610630414, 1.1515870295191823, 0.86146564844065676,
        0.32872937088279153, 0.38818293908186197, 0.24074763435493035,
        1.0521267808962502, 0.25746386214391154, 0.65087438194821035,
        1.132561279625304, 0.16287173238313934, 0.9169880726372287,
        0.88437200493853252, 1.1733127804815959, -1.6599471366676879,
        -0.67100745288678043, -1.6249012397870175, 2.9754124357137841,
        1.1244637706490219, 0.16962188531656253, 0.02868913966734804,
        0.636125670531278, 0.79204046930211192, -0.52378478212858226,
        0.33216596110832253, 1.6153406470909448, 0.38367352610079403,
        1.0599287988807744, -0.60127293030948925, 0.73975932276353706,
        0.32940672233949769, 0.88245269140849425, 0.46720010860407879,
        0.91628308228352429, 0.84359605336161592, 1.4821693512066352,
        -1.0180641601326383, 0.22135306502829027, 0.19799010586582044,
        0.057314078318645101, 0.94249165742104424, 0.79142660383975849,
        0.52574668503298894, 0.83254406407938975, 0.71621872404161324,
        1.4673115394202816, -0.8552153114593114, -0.26140635924953648,
        0.11883617251319521, 0.69100805453001513, 0.51333266509424014,
        0.43441477059865341],
       [0.8022122581270591, -0.61825536469859754, 2.1035163324676307,
        -1.8317837036575622, 0.19169696445785711, 0.67062121224893245,
        0.9225329950230543, 0.40756274673417453, -2.6578598552991664,
        1.9548175846984104, 0.40574048176967531, 0.58453882276452784,
        -0.17099352690321731, -0.094794741974609339, 0.65629383771181571,
        0.74587421697617484, -1.2049275881506327, 2.0131184475149908,
        0.75874803127876334, -4.0634181197075332, 5.1212354850476913,
        0.31701459348738181, -0.57173614563823727, 0.3429305163667894,
        0.30046546978630306, 0.59263928684981571, 1.9609985478102201,
        -3.1478757018457517, 1.5614170327891617, 0.57808069552863772,
        0.29868123143338676, 0.79546160477744132, 0.27259339171084795,
        0.77647775434247157, 0.64942876214079925, 0.11975910987848068,
        0.91748215083620199, -0.4122787430428706, 2.0111677396313912,
        -1.7997363550222183, 0.45943152329864062, 0.20491242594158673,
        -0.94671818162075883, 1.0866059532612218, -0.048099614356002213,
        0.18861656519053155, 0.92788545704089653, 0.15117576084415296,
        -4.872089535448854, -1.0323846164040569, 2.1395342701456515,
        0.85161171531506696, 3.1220781406214853, 0.14633193360078711,
        -0.64176940482216094],
       [0.20375550531262795, 0.55379835263557686, 0.73977169820354138,
        0.85979654319064769, 0.32718202243309413, 0.77724550245084767,
        0.0044068918079177566, 0.13610782887174869, 0.36339779683979478,
        0.47456028814375129, 0.56919982151081416, 0.90403267888558825,
        0.056190348125217816, 0.95348052303357234, 0.31557732776606984,
        0.40462996136826052, 0.75426156576593018, 0.55601485523589711,
        0.94690942959246427, -0.079032625116902525, 0.1027534985222328,
        0.56655559007486567, 0.23196184504169298, 0.53830923608369263,
        0.18479758792015033, 0.58829308362280508, 0.50873332106811742,
        0.48695522577150796, 0.2605478299228392, 0.82200656924182358,
        0.26179243442738681, 0.6705848914711644, 0.94518852490390592,
        0.059064039699793139, 0.15814825383069175, 0.087234086390485091,
        0.73354161621530045, 0.14374716923878797, 0.37241779502832412,
        0.22539827744961935, 0.50299219106433957, 0.1471243684304169,
        0.86872493449775989, 0.11258229925462546, 0.92803093443887419,
        0.81248625194061685, 0.18330320698076752, 0.47694354781735238,
        0.38452080622745644, 0.17324663318262198, 0.64627549061164791,
        0.9742690289232605, 0.13340811922340887, 0.075798482436609249,
        0.73165424887586394]], dtype=object),
       array([[-0.42127624485000248, -1.2944372509215791, -0.36492021114204781,
        0.45540533394845156, -0.75929315577335266, -0.50990586067198129],
       [4.4738700991712141, -4.0399647723180774, -2.3472909568572398,
        3.4084324073481085, 1.0331971866496328, 0.68007450710423711],
       [-0.8832465851842799, 1.3410635925446615, -0.54728749209965066,
        -0.0070064759846842871, -0.49754378177960923, -0.21048875980729753],
       [0.61706338867802202, 0.062633219647097005, -0.2140851768292367,
        0.77428913058128246, 0.27172289233622154, 0.31489995516917707],
       [-0.33882498728003801, 5.9224760454947445, 6.2369560235338577,
        -5.8546801298403572, -0.49463010460059748, -0.26984742486595487]], dtype=object),
       array([[0.69904287702739565, 5.4365051374667566, -0.73747844146389041,
        0.91477806876853407, -7.4890898628547751, 1.1865222558067918]], dtype=object)], dtype=object)

Last Cross Validation Set Predicted Values: 
(Predicted Value, Actual Value)
0, 0
1, 0
0, 0
0, 0
0, 0
1, 0
0, 0
0, 0
0, 0
1, 0
0, 0
0, 0
0, 0
0, 0
0, 0
0, 0
0, 0
0, 0
0, 0
0, 0
0, 0
0, 0
0, 0
1, 0
0, 0
0, 0
0, 0
0, 0
0, 1
0, 1
1, 1
0, 1
0, 1
1, 1
0, 1
0, 1
1, 1
0, 1
0, 1
0, 1
0, 1
