Running data/iris.data.new.txt Experiment with positive class = Iris-versicolor
Number of Hidden Layers: 2
Number of Nodes in First Hidden Layer: 20
Number of Nodes in First Hidden Layer: 5
Average Error Rate: 0.3333333333333333
Standard Deviation: 0.0
Learned NN Model (Weights) 
array([ array([[0.25780431182532643, 0.89579880671790313, 0.70789749485091069,
        0.85361359033837991, 0.79129070234250998, 0.1279732198832772,
        0.054617668566913101, 0.057983207200515259, 0.70445879039357673,
        0.11552921717673831, 0.60985586483708909, 0.31427548972677455,
        0.39191411555576194, 0.94522809116710038, 0.074222881470641267,
        0.037093156065280991, 0.76399197134959773, 0.45265326340775031,
        0.68927697450763703, 0.048345326179920177, 0.1942197563810765,
        0.50254035304532907, 0.14837503127737836, 0.28586979637477139,
        0.27711219526207781],
       [0.75824360093832355, 0.77513946134652179, 0.43017755613556047,
        0.9825462768766724, 0.90439308077569702, 0.25137990788026837,
        0.033934268791666604, 0.13941363189132286, 0.035350139183142844,
        0.8268487891798022, 0.8423734685895804, 0.87170778454835873,
        0.4483167279532394, 0.76995095289035143, 0.65681385772700618,
        0.30889546274277929, 0.0047988718854536693, 0.9413527840762671,
        0.007448934309055133, 0.66700854319721115, 0.53342756425729487,
        0.6310942317947551, 0.95916552157452939, 0.6724258393485627,
        0.66013558026962948],
       [0.5817575424552619, 0.92791017751066251, 0.91698153612508937,
        0.41459803488456637, 0.12011564886635057, 0.058369278474592577,
        0.50771549953519601, 0.42881686868819663, 0.2996562464996928,
        0.77897632963360219, 0.82490777884849065, 0.091412629733237979,
        0.94854962018102151, 0.50444460604676267, 0.028599474894963228,
        0.34988367392712755, 0.0072092007676140199, 0.64683538791833484,
        0.66204946304744061, 0.05031464627059231, 0.34887929650096638,
        0.49449793608737402, 0.70628833105092537, 0.58063304810824579,
        0.68660790602606048],
       [0.082993427051376772, 0.1144920469163251, 0.35154796483508088,
        0.68243120099849008, 0.57798138434972901, 0.20145254344166366,
        0.93311141610923831, 0.42020659149530343, 0.91998183728426997,
        0.63701794515522514, 0.222743688241377, 0.83821100789991243,
        0.45860951112220472, 0.89795197801217597, 0.69366558146338397,
        0.24833162974125481, 0.58528644977712763, 0.69191223825783132,
        0.12499153065067059, 0.84061070310612018, 0.99612183562899115,
        0.22592060377384757, 0.20254429217094969, 0.0059434034779791353,
        0.77209511461473679],
       [0.52612654547297066, 0.98017254027540546, 0.046180722762730858,
        0.80265511075312246, 0.6362236319149408, 0.62101230337556024,
        0.43699068456006801, 0.37039359414823458, 0.34219379640502695,
        0.53632240894612671, 0.91369684327927581, 0.54201717669440275,
        0.51518465952923087, 0.65718203125471442, 0.9926574815269007,
        0.49410784209712272, 0.56266801204210393, 0.37360115100002389,
        0.85204713828693923, 0.59268627240809713, 0.32503979838503566,
        0.039229724621373405, 0.44746879724714761, 0.10355402983755535,
        0.52996052842958019],
       [0.2560083005967313, 0.68358648689792612, 0.27794422961636583,
        0.079297420061600787, 0.2048620700117863, 0.6988762580744694,
        0.56059151538861074, 0.48953100583514858, 0.55883049736514623,
        0.62294001008613931, 0.54039483486550399, 0.31456561672573147,
        0.57642837887317022, 0.23012364010304617, 0.78532190718371908,
        0.94022141183831642, 0.067397546403352201, 0.50078119838751767,
        0.31470734141276069, 0.59132386502040879, 0.65723631519287695,
        0.099100634846721394, 0.6734018690694229, 0.44450152836553913,
        0.83102389267256449],
       [0.85458515430763982, 0.36562933994433389, 0.40393442737665214,
        0.53590565360474807, 0.082153313297389979, 0.72119729870837868,
        0.26287181720296293, 0.52309048067135533, 0.010417162746332002,
        0.96861626146710977, 0.40074714978313836, 0.68088439933921474,
        0.200513311613296, 0.37578347739085838, 0.5201642927270369,
        0.46037736404486307, 0.1372243501986489, 0.32990179861573515,
        0.90185079399810097, 0.12841369388286913, 0.2434003290476569,
        0.35654764061430699, 0.43835737626354876, 0.071199453884431177,
        0.35665803495888937],
       [0.92529617541478848, 0.52914682452845929, 0.35085141703521044,
        0.6229672157766607, 0.069138306248121895, 0.11085870684802482,
        0.17845959130659814, 0.39934017495008017, 0.59969178133377132,
        0.48313352555270328, 0.93482134493514069, 0.13013500227197777,
        0.47965633759212284, 0.49673151408152333, 0.56875791703489043,
        0.75904581192954068, 0.0033169095317501117, 0.74127872500542802,
        0.64285614296441929, 0.29881037857177617, 0.69701999210717203,
        0.051008268755775868, 0.72162266126480668, 0.030981012022587281,
        0.02971400687268879],
       [0.61889161983505037, 0.87547021833122718, 0.58628433675604219,
        0.73638732219728931, 0.060507471528748705, 0.74292751533818524,
        0.43543449470067525, 0.60174402476061728, 0.7974728011418083,
        0.95232811876638179, 0.049418096257440217, 0.99382071057034627,
        0.64960736759521065, 0.35542395072913402, 0.13564765879022372,
        0.81345437076831317, 0.251041771543624, 0.65352179311162717,
        0.4515297138976615, 0.86616616850571448, 0.091570199103512551,
        0.9580551139170933, 0.239857998262998, 0.69648549831833073,
        0.59512881863943767],
       [0.79818787244621958, 0.6473005914677713, 0.28164744866479974,
        0.78201838800800461, 0.074352679371386482, 0.82972123991809299,
        0.17584402983286079, 0.12230637122835814, 0.62152574925343052,
        0.52168937635898327, 0.91571550815597058, 0.27884253723796998,
        0.5246034224174998, 0.31929061966419259, 0.84243544783480351,
        0.30178570553448458, 0.10633083906788116, 0.8311506693929317,
        0.58586810897970609, 0.68129558487869779, 0.71501493771211821,
        0.84356955021593627, 0.18635740941543122, 0.60293447634918584,
        0.88996014807893675],
       [0.30402624745053264, 0.12855168929138749, 0.50138420363725356,
        0.37711763594386966, 0.52336866560958339, 0.2428977562210147,
        0.73493806260742867, 0.91521335262337666, 0.4500752341245472,
        0.42287261050815128, 0.91058904395282236, 0.59827586543184741,
        0.72241484759224595, 0.23641249260127767, 0.76586509120943713,
        0.1645842106405894, 0.59330453799141158, 0.80918494962455212,
        0.11948352630777848, 0.46350656854081917, 0.31248246976188743,
        0.80291474710175037, 0.48540037697256738, 0.37551239833740774,
        0.75609271751737417],
       [0.99228827923688101, 0.62610382774860551, 0.79867469010338232,
        0.90566249178721892, 0.62643282803404921, 0.2443880986461526,
        0.29365420240864509, 0.17462459264100472, 0.5580440780386503,
        0.51734686320656031, 0.009467052562036643, 0.2203911958336813,
        0.013909481341463043, 0.21138838127032467, 0.72446504838731007,
        0.13621941492283726, 0.26846793839036442, 0.43248635759513382,
        0.67422167827399271, 0.29196002927972453, 0.10346512585890769,
        0.67119794350536843, 0.40706231198052267, 0.30222773993178276,
        0.30025054729284922],
       [0.71181998012406356, 0.11209383771907801, 0.74545585528766778,
        0.079378345819335575, 0.7683024445606712, 0.21852374860855314,
        0.091256583552917908, 0.15364859366397457, 0.69759880518924533,
        0.99064117446187971, 0.30641532015455525, 0.40390239774539494,
        0.66142025771086377, 0.37609364402941992, 0.20549015944176,
        0.28662899397245745, 0.69990696268646158, 0.05619981065303669,
        0.71974588287767771, 0.30358727699529303, 0.89636295312446135,
        0.080677124205122408, 0.34434013763372073, 0.35349962927476003,
        0.65816550189956402],
       [0.38269660647215253, 0.86544832251172077, 0.33451863603083154,
        0.42596167357017617, 0.25054758876103056, 0.54135057159859967,
        0.36914475076965614, 0.79294763780110422, 0.77306054229661547,
        0.15110903285653532, 0.8306693242266121, 0.067875038968939219,
        0.065440098234946772, 0.79196749255160348, 0.55777447349356823,
        0.95410585356506494, 0.17125128379808424, 0.92659864441340434,
        0.69706017338449855, 0.85391928752202129, 0.11471386272879529,
        0.4152326778449571, 0.1701240318727385, 0.78845915064997274,
        0.63549306766585423],
       [0.78390866021257732, 0.060325848913980712, 0.68950048635800798,
        0.46677231131778513, 0.3923302042239884, 0.030354533203018119,
        0.83894133597081999, 0.93764446025188386, 0.9087375533534946,
        0.86430331682762462, 0.93380589598089003, 0.44244792301323838,
        0.1527949253979132, 0.17783198700357361, 0.35736830716810242,
        0.027154866709024922, 0.79149340295463466, 0.092062905877005996,
        0.64995407160442009, 0.7570045281558061, 0.69137678968664584,
        0.29393366544184435, 0.89848906636999659, 0.64699495273788254,
        0.3838721456728526],
       [0.1453237601023406, 0.88345022826263775, 0.44023412260429035,
        0.082888810833255055, 0.46043465962159857, 0.88960667592753029,
        0.3173888178164691, 0.93583259863427615, 0.83726669412479104,
        0.85248919816639324, 0.56620842089970347, 0.48948975413206308,
        0.42124637382012281, 0.48855906717079417, 0.48692826686542268,
        0.5697482900376003, 0.16307330751500274, 0.52237425076453337,
        0.85406294120439696, 0.92034813671496885, 0.30758038529208787,
        0.60140018043601517, 0.79902770702524162, 0.48863565779293244,
        0.21856832234766094],
       [0.85262296927461489, 0.039307044424161622, 0.081814109182127184,
        0.061679251127362278, 0.85751318272551991, 0.55581093415751592,
        0.90017999671336968, 0.93992566473067274, 0.84352793994653452,
        0.13789500034346422, 0.4708336536932759, 0.0045174813491261458,
        0.55778570028556218, 0.68330495272117364, 0.90784572901177329,
        0.43276415083301617, 0.99359219765783213, 0.13500744014875016,
        0.88146210308288897, 0.27980168175671749, 0.95271164247269613,
        0.5570282603430734, 0.69966143547021564, 0.64692085158189594,
        0.56956977835448541],
       [0.69217692300636402, 0.17323756153913847, 0.64857163222063485,
        0.085229009964139707, 0.76022790289539344, 0.074743302002860265,
        0.209081480501737, 0.51030247440647802, 0.71492006677431463,
        0.44891193698531862, 0.33791779027745034, 0.64861495831738147,
        0.11595672727556181, 0.6110670443057995, 0.32675103959054363,
        0.75437590776871599, 0.46969354877186759, 0.4631093783130672,
        0.88656224555257734, 0.67460234008974596, 0.51937765797749236,
        0.15234667270895152, 0.49361972276631538, 0.50085003155502095,
        0.17426843726075722],
       [0.81720647770482502, 0.22682850391192777, 0.9738103156462613,
        0.52995193708000887, 0.25985573938689721, 0.39203823884555683,
        0.10840005379401017, 0.8863694710938812, 0.706424595142776,
        0.79402209171113292, 0.0069207882954742629, 0.26038777924225892,
        0.34915956586558172, 0.89590778344664179, 0.36781974869682216,
        0.65990797235979048, 0.5491279941888072, 0.027459099714634203,
        0.63617168069743124, 0.38053688449060524, 0.73721230298582785,
        0.09996543725386918, 0.72698668423111457, 0.67763562965651136,
        0.54402831980976496],
       [0.38964537547920997, 0.060551413413754661, 0.53608331515106844,
        0.08995123466097206, 0.3774164369430924, 0.48226917833318994,
        0.99835950208693247, 0.37533122478723974, 0.13448207144856264,
        0.33745558641214035, 0.2476792002112107, 0.046183016281699123,
        0.40531950302427383, 0.80964074604377001, 0.62794090580051298,
        0.6421615150324409, 0.32765162306216244, 0.54031765871702453,
        0.0071902278398110475, 0.59514606163906392, 0.070020563974281524,
        0.87560435326088959, 0.78172710576944338, 0.07870751837516414,
        0.29060752902944681]], dtype=object),
       array([[0.53239004008056612, 0.6918723541118057, 0.65999881233238522,
        0.30094357534175903, 0.24800411667385999, 0.25902916480788041,
        0.72948289569131042, 0.29721241943824311, 0.37782394797905222,
        0.54251288584121893, 0.10449592294157004, 0.89408862987949334,
        0.96802917217781359, 0.69235866338093732, 0.36098261743926108,
        0.94756623069504609, 0.21165647656263548, 0.84179127019996902,
        0.46240223142260695, 0.61194777584888038, 0.38450959233632614],
       [0.89962582764008625, 0.81242264465288083, 0.83615631748007879,
        0.58254840130331942, 0.98165078228140756, 0.3183013516594152,
        0.49140697788932597, 0.86232792816771875, 0.90059076797226623,
        0.45930253199530807, 0.087260697331634302, 0.10747674061475819,
        0.77449642642161842, 0.59948643006851277, 0.47442515540502961,
        0.22749022514437583, 0.44288378529154326, 0.60179699263846109,
        0.67361262985317227, 0.80512118280689615, 0.40516804130240386],
       [0.79546494327337647, 0.59775714923643231, 0.85032718984311428,
        0.2839763721162602, 0.60801118498832718, 0.71720022247961368,
        0.99829404376274422, 0.17104582045137043, 0.73756940421828343,
        0.48580003128220589, 0.64476539538485644, 0.49995078015736416,
        0.69860642539473361, 0.46754872533735142, 0.03196106243817546,
        0.36158961065346251, 0.91478312242416748, 0.84240477164055827,
        0.29588182966702253, 0.82972995540995964, 0.85598264096620869],
       [0.77941488813336901, 0.52270818518264273, 0.17818345537228811,
        0.29586441342579473, 0.69078036238180196, 0.74596202078405205,
        0.21518417487326447, 0.92088297920205697, 0.27977170847558952,
        0.57787036525813051, 0.051509455085474408, 0.051795609033607692,
        0.85982019398950571, 0.045705939349712676, 0.25152836417145691,
        0.37979051883444731, 0.94926949649148107, 0.093421577413179538,
        0.24389024512973259, 0.85514140414790518, 0.1648044237672244],
       [0.20028494544836895, 0.5164362939118734, 0.11667190273145563,
        0.26004555549105557, 0.25680511883302393, 0.66488063578260981,
        0.54233786951796314, 0.96255114211350667, 0.32710355600075719,
        0.36893032147263088, 0.21858391524272364, 0.87610187596569988,
        0.3480250904886199, 0.41759517903011711, 0.73195917269104538,
        0.97800688802847391, 0.57918702562446955, 0.14929901714658292,
        0.56747877732667507, 0.019028776893874638, 0.86498378972732304]], dtype=object),
       array([[0.18987765766796263, -0.46423766897704033, 0.2403499660327201,
        -0.15188004500342345, -0.35957487441128372, 0.2973425606571571]], dtype=object)], dtype=object)

Last Cross Validation Set Predicted Values: 
(Predicted Value, Actual Value)
0, 0
0, 0
0, 0
0, 0
0, 0
0, 0
0, 0
0, 0
0, 0
0, 0
0, 0
0, 0
0, 0
0, 0
0, 0
0, 0
0, 0
0, 0
0, 0
0, 0
0, 1
0, 1
0, 1
0, 1
0, 1
0, 1
0, 1
0, 1
0, 1
0, 1
