Running data/glass.data.new.txt Experiment with positive class = 7
Number of Hidden Layers: 2
Number of Nodes in First Hidden Layer: 5
Number of Nodes in First Hidden Layer: 5
Average Error Rate: 0.12195121951219512
Standard Deviation: 0.0
Learned NN Model (Weights) 
array([ array([[0.42800240224736696, 0.74971024384719887, 0.51345070806008186,
        0.77119200824285172, 0.7400451755208115, 0.27587442906985399,
        0.78383016707487718, 0.81705918197636862, 0.73794731986605455,
        0.02194659985046124, 0.79438291243247072, 0.2995326692276965,
        0.57983508343766277, 0.89006507896522913, 0.74382789690358297,
        0.60732782559367537, 0.15728374911241538, 0.95190030009739757,
        0.70306649626465123, 0.47685353236462213, 0.56287434088104094,
        0.71847158159466562, 0.33323452085112693, 0.059214248406510891,
        0.60880674733653306, 0.99589278340439047, 0.31317375496218181,
        0.25966714632964311, 0.044945782886303978, 0.25337629547289403,
        0.732229001204313, 0.877101678854039, 0.8712843411829142,
        0.53378561308060013, 0.067057308056084564, 0.31749705376863191,
        0.1381267566258228, 0.58315961496241631, 0.9747253478402641,
        0.91365118624505315, 0.13322430112217298, 0.81501947258671148,
        0.84739321387841926, 0.15268639976190354, 0.31898496364244328,
        0.013754389413956567, 0.52563768502022779, 0.94793460264957619,
        0.60092665887417918, 0.6776833576693484, 0.26454649726259355,
        0.4241662692828207, 0.45948267673917603, 0.58897557466484929,
        0.4076455432954606],
       [0.15931535570607447, 0.13822517781316182, 0.36778846404222826,
        0.71216241596878782, 0.52229070986412218, 0.50565605489958076,
        0.47491139998895848, 0.51607737965344613, 0.91519254376339576,
        0.43201827900863038, 0.41748611840895677, 0.57157812903134675,
        0.89594222650826849, 0.6719514203365935, 0.41307040624764996,
        0.35543255294406673, 0.25786925720891463, 0.62694707209834588,
        0.15297135687555832, 0.007270522143691914, 0.048133561702679496,
        0.6833396566410066, 0.33442564910449823, 0.099607143116279176,
        0.30341404217415435, 0.38710146636890658, 0.19115306669113144,
        0.49804142844407212, 0.056747793885168846, 0.67880883458702024,
        0.4370211970707622, 0.069043202622075028, 0.79626148534886265,
        0.64231564868973701, 0.91332107334351076, 0.27152627516139177,
        0.19748691134223098, 0.55168129012917366, 0.55479440553181303,
        0.837927130096906, 0.57711741520364102, 0.67027076577395139,
        0.71020878410369548, 0.030843339299942887, 0.0089284559062634498,
        0.25111888971569102, 0.29530931991258424, 0.046624411575571033,
        0.14696960150178184, 0.018130872095516715, 0.24563373612422409,
        0.35166903529889076, 0.13471637904144279, 0.42751276965400709,
        0.66979063316462339],
       [0.18652814107409901, 0.98103125949801184, 0.96177885475738778,
        0.82343726731795153, 0.56898660091703457, 0.40052344266170853,
        0.71772152936627753, 0.092328166154379346, 0.38790841047119173,
        0.22185977284036587, 0.19793841002969062, 0.26308455205772702,
        0.60220833877145552, 0.89097392828070354, 0.66630931419772488,
        0.055291294798259429, 0.69261458899555328, 0.42176890918027016,
        0.98831123655998232, 0.57757926959088546, 0.19322599982077079,
        0.54610537310290896, 0.14213469127121797, 0.018115771840374769,
        0.80800881635784727, 0.80775985292899932, 0.690315660402401,
        0.17005557130183863, 0.89181360883916549, 0.85092666530179717,
        0.37180365117019032, 0.55893000688542038, 0.60537762274413343,
        0.18948264215308241, 0.94646216066418087, 0.49984342644445978,
        0.016984290526303195, 0.51752401031255824, 0.14398030342847534,
        0.40178873461010234, 0.70946249475586498, 0.17447556636445063,
        0.29483474762129236, 0.27291054577019369, 0.95111596853704539,
        0.86738025159724375, 0.50240370009282931, 0.2798611384938266,
        0.96957855646862012, 0.094253460261525174, 0.81565997569967585,
        0.00094829721275843323, 0.35032670546224109, 0.44729586363475904,
        0.5741672387933795],
       [0.40372197154235845, 0.43081368281888044, 0.38202810382029051,
        0.19111214701827384, 0.7340921836782156, 0.80589318353564376,
        0.92490265344970179, 0.65007396024208053, 0.55584250158470183,
        0.053718727596065545, 0.19552404474451548, 0.77947542077021681,
        0.18298955634519945, 0.25314429627857754, 0.48970990823407251,
        0.33696478114876383, 0.90915806772048635, 0.90646067665544838,
        0.64829324875501715, 0.6041262181175161, 0.40281708145824935,
        0.008513951844199702, 0.56933039739732461, 0.8320081909600997,
        0.061190476841169406, 0.51326343197543511, 0.28863587730302226,
        0.45827460528371317, 0.14435266345727954, 0.40770922948860411,
        0.96474375322855788, 0.91225171276666517, 0.46735319221641475,
        0.342133019694007, 0.82378481940525328, 0.72525158717803107,
        0.19648313097184222, 0.28822237437979853, 0.81511079020921906,
        0.42749937596304644, 0.74922490872366732, 0.71164358563625263,
        0.93524291320239583, 0.0046168759636771983, 0.34052093524574051,
        0.6944920322543362, 0.62848627498875942, 0.17282221029547296,
        0.92599129306386385, 0.743059022943378, 0.028081575588936394,
        0.36200714825997943, 0.59437499830080287, 0.61534369385021903,
        0.45112889559876013],
       [0.98790946078945485, 0.088703206826559314, 0.76892514256378874,
        0.97473811248545805, 0.17042134635999945, 0.96028272803306436,
        0.68909905261413595, 0.68633902306130068, 0.17454502325288612,
        0.34982346130672731, 0.22743510535092187, 0.61644355811357843,
        0.83546808182087584, 0.58643697643623938, 0.28051758781717445,
        0.90858522332254954, 0.91110728589869916, 0.36909442567575967,
        0.29197204966066537, 0.88767368357964649, 0.45155974285359013,
        0.51687648580562517, 0.25942264227991024, 0.81600167721662209,
        0.4665581506845613, 0.9320104745409602, 0.7082230607841975,
        0.72622662419681283, 0.084678816135688048, 0.58654992782220228,
        0.97091734143413366, 0.69458045905261467, 0.6133402803353426,
        0.32228314649816403, 0.43332582152897547, 0.65634093855262965,
        0.83813751137845893, 0.15578953967747625, 0.82451075746906732,
        0.92932642361739204, 0.7399828168502508, 0.42162229288761194,
        0.7749658677107647, 0.76502937566574347, 0.76516832296610282,
        0.4769792143265022, 0.40291679075634024, 0.20966526608069819,
        0.75970122441215981, 0.47229926248478893, 0.16778170419234092,
        0.34421686492326126, 0.5315022514978367, 0.4080912686470467,
        0.27324064319313535]], dtype=object),
       array([[0.78849345606321919, 0.90827657654067406, 0.37192442542342957,
        0.8097108102537619, 0.2065504195630366, 0.28501510394534313],
       [0.89552847765158283, 0.13836670935561754, 0.043649334653079311,
        0.30723494589984113, 0.33923702455246146, 0.7291470526616507],
       [-0.050892815022135093, 0.22470698390203564, -0.020051133709585254,
        0.39886637151784105, 0.66647947202577507, 0.14904342545147817],
       [0.6283142449042276, 0.01273971038154266, 0.15250372778538407,
        0.78889367250348141, 0.60974446418105066, 0.92339659464808155],
       [0.16832610698077166, 0.57308729641130229, 0.60552831060876966,
        0.27455702078665845, 0.14902011326844064, 0.72383786425836427]], dtype=object),
       array([[-0.12710122241047001, -0.88607883382951635, -0.0052018232381239055,
        -0.4979490574017964, -0.27014664211780359, -0.2013154819736469]], dtype=object)], dtype=object)

Last Cross Validation Set Predicted Values: 
(Predicted Value, Actual Value)
0, 0
0, 0
0, 0
0, 0
0, 0
0, 0
0, 0
0, 0
0, 0
0, 0
0, 0
0, 0
0, 0
0, 0
0, 0
0, 0
0, 0
0, 0
0, 0
0, 0
0, 0
0, 0
0, 0
0, 0
0, 0
0, 0
0, 0
0, 0
0, 0
0, 0
0, 0
0, 0
0, 0
0, 0
0, 0
0, 0
0, 1
0, 1
0, 1
0, 1
0, 1
