Running data/glass.data.new.txt Experiment with positive class = 6
Number of Hidden Layers: 2
Number of Nodes in First Hidden Layer: 5
Number of Nodes in First Hidden Layer: 5
Average Error Rate: 0.024390243902439025
Standard Deviation: 0.0
Learned NN Model (Weights) 
array([ array([[0.9420283231996841, 0.70569164163232834, 0.2418564804318479,
        0.12955848628624989, 0.69828398744729969, 0.24553667191823036,
        0.38049068762931471, 0.61847510492895297, 0.24082164796535807,
        0.69821467145033222, 0.66356169628061568, 0.24169554191237919,
        0.24799584027967089, 0.66901738509481734, 0.6292429631307499,
        0.83808586810606667, 0.061886101072773508, 0.1293275062292768,
        0.32854883136432111, 0.63563474714654267, 0.79462179401970856,
        0.28576910260191218, 0.10082737239860548, 0.44789833957610914,
        0.80850927138740913, 0.61304225791367473, 0.48101160494470374,
        0.035728584231049694, 0.73226374137910999, 0.9328368172007413,
        0.26480105294700751, 0.59940282083173013, 0.54859135043394558,
        0.53487996252906778, 0.59061961985457434, 0.84293344258661673,
        0.93821647214856596, 0.1397972116475264, 0.10101513538294822,
        0.48615519624392889, 0.45013872542955852, 0.015149270375905728,
        0.71681150618922773, 0.74611227996564589, 0.99443966002695883,
        0.40695357251055481, 0.58084274542299008, 0.82590051914711027,
        0.91223049871798212, 0.5146300353991845, 0.89422000689475123,
        0.90347466756109474, 0.70319953305181504, 0.26136826759243609,
        0.59631458188500286],
       [0.85778765061118645, 0.97513487563073509, 0.014277481668579986,
        0.78028592817318643, 0.057034754305797991, 0.22576029782846563,
        0.40628216249839366, 0.48979701894824051, 0.90551730494651728,
        0.72313121401220504, 0.80557487009914908, 0.6670708411359233,
        0.089002507947548659, 0.047452203978861858, 0.18894023271785751,
        0.77748492470936603, 0.28563499178135893, 0.96522929346477304,
        0.30103218485405298, 0.43014837332229511, 0.43610226623950121,
        0.22152388283420524, 0.88705872932830143, 0.063298326756171863,
        0.13338189159336655, 0.02170290469378517, 0.99487181968612937,
        0.087580439006645805, 0.083458350237515272, 0.76359114975513653,
        0.56562263024394754, 0.30799676608973214, 0.76692438021867615,
        0.28028501496827452, 0.058973721235246801, 0.085463479511952045,
        0.66096218417227648, 0.12509737743757865, 0.37115739906070627,
        0.14006541142688683, 0.54049972235090737, 0.68305805270382625,
        0.07750230662653361, 0.93921184338812325, 0.066841321576279339,
        0.94745996994636317, 0.89674573007144787, 0.051962009330553935,
        0.47028869536622836, 0.22523692634953948, 0.26773492274280303,
        0.29850899476192949, 0.13230872598106894, 0.023876351905748178,
        0.27212294829020511],
       [0.012729261341180242, 0.81705870264186597, 0.9624549704976314,
        0.60560738403904324, 0.16230253472370579, 0.77046245064688279,
        0.093810391682554006, 0.037688872441720284, 0.70572634518798261,
        0.9536194917527695, 0.81807432738379249, 0.16277487984514849,
        0.55221922473451002, 0.98479940334213834, 0.14962892876118014,
        0.31852903304473251, 0.54484851901676623, 0.46881462218834463,
        0.14099934971683606, 0.83869202430848688, 0.85784296882232147,
        0.95899754846928253, 0.23180145528609908, 0.75612272854053719,
        0.73710971964222294, 0.38572660588179514, 0.53697523682201564,
        0.20382782618344791, 0.40741310107599249, 0.9228386961767302,
        0.35529841291248931, 0.5247014023826071, 0.089374343927441771,
        0.41755800383463582, 0.080006950058188475, 0.97574383749648408,
        0.53026206091964756, 0.54785409001074536, 0.64911114250304214,
        0.51643019493370257, 0.16681662817585724, 0.96370347364028797,
        0.59816097296788429, 0.31379795823050771, 0.22954242057027682,
        0.56040174637018969, 0.02536050839412881, 0.70030708735561153,
        0.18702810524691604, 0.65981696336155327, 0.023696766923038806,
        0.56849986420505538, 0.23154647615935725, 0.39929267481076874,
        0.98834865318157006],
       [0.5547261080609005, 0.39356011730314633, 0.47643391816477398,
        0.11797748930164513, 0.86973936984528277, 0.42784475546079992,
        0.40126133759108806, 0.53953095167813669, 0.61956233443954678,
        0.48809895239267942, 0.27932010135974283, 0.19809223671384701,
        0.63416234437862262, 0.49070043699411325, 0.26614796355036469,
        0.9641398223111679, 0.3330258776422188, 0.30052888362785807,
        0.44879732314202592, 0.79677866588822877, 0.1342945508470865,
        0.17107472132480891, 0.045627549494303102, 0.058025311976861858,
        0.67914057391847449, 0.61810743885209518, 0.53082624511577836,
        0.78403552978444979, 0.87864478797058043, 0.87644340994921643,
        0.34994570048281293, 0.34458724960653331, 0.54840159611323802,
        0.18883949569598821, 0.15754675199430224, 0.45661494246911155,
        0.93876655512627749, 0.4468328625445514, 0.53785657116621777,
        0.20273323635295784, 0.39889738955084042, 0.24631940377088238,
        0.025560209749358697, 0.99181569676830261, 0.51222502049140695,
        0.58894575719425846, 0.87582374383348538, 0.76048879755292798,
        0.61399592005639614, 0.0036029449007652253, 0.31225647812152735,
        0.64280554710581983, 0.43134924582288414, 0.63334608712711948,
        0.45520383562398919],
       [0.4843056276194293, 0.32534947386961377, 0.01680818873926786,
        0.38538136540386936, 0.13006396980591117, 0.777223701792081,
        0.47774580339729167, 0.12000356585429212, 0.14994272261980482,
        0.30449069102239407, 0.08983114540363453, 0.23794714328076161,
        0.057075128690644086, 0.66330832037857168, 0.15370994477505093,
        0.38568095042058037, 0.37600774525045944, 0.38227393084463479,
        0.26637128581710068, 0.062077470781368535, 0.27182586220461724,
        0.49542092665253162, 0.57119231707971052, 0.84283005478437123,
        0.055583113335186285, 0.8585139879798831, 0.44392817407027646,
        0.64187630676445939, 0.039335067822594959, 0.48134017301373566,
        0.090966666607316241, 0.21252356259860852, 0.48974660186383939,
        0.58912159821409893, 0.078985230662953487, 0.42854735297791002,
        0.27572599117170365, 0.54219348149084901, 0.39193667629539991,
        0.584402104928472, 0.68798457630169219, 0.54532419824760603,
        0.64567101598646026, 0.81083639720395706, 0.5246813358698349,
        0.66879695622547897, 0.54333830822789164, 0.49605051650223586,
        0.82436581038851953, 0.9767872687594118, 0.05331921979051709,
        0.57191627679065482, 0.079315536895975591, 0.094168664954645653,
        0.30392796830560936]], dtype=object),
       array([[0.45995441079193994, 0.34644901930850863, 0.56003711941556433,
        0.62658982678298092, 0.54611606541829083, 0.47858416453174085],
       [0.91983734458558752, 0.063326119360931216, 0.010633382585608605,
        0.12825083447371069, 0.47952806254707209, 0.82691383190473855],
       [0.13223514853537818, 0.19040335849789256, 0.83507598163093488,
        0.57728131888750844, 0.28094557461792236, 0.43259036766294912],
       [0.45497682060144906, 0.97683109015683267, 0.8857934350424127,
        0.71232909678091627, 0.81619667288706566, 0.29971180507016215],
       [0.60529150039852564, 0.73626100081890777, 0.93867439464975422,
        0.30526053417569526, 0.47879186958455622, 0.67841405733231375]], dtype=object),
       array([[-0.4719231506331219, -0.66734472277096479, -0.87436864837738648,
        -0.78614217320826529, -0.53302329974680362, -0.3934287091221192]], dtype=object)], dtype=object)

Last Cross Validation Set Predicted Values: 
(Predicted Value, Actual Value)
0, 0
0, 0
0, 0
0, 0
0, 0
0, 0
0, 0
0, 0
0, 0
0, 0
0, 0
0, 0
0, 0
0, 0
0, 0
0, 0
0, 0
0, 0
0, 0
0, 0
0, 0
0, 0
0, 0
0, 0
0, 0
0, 0
0, 0
0, 0
0, 0
0, 0
0, 0
0, 0
0, 0
0, 0
0, 0
0, 0
0, 0
0, 0
0, 0
0, 0
0, 1
