Running data/iris.data.new.txt Experiment with positive class = Iris-virginica
Number of Hidden Layers: 2
Number of Nodes in First Hidden Layer: 20
Number of Nodes in First Hidden Layer: 5
Average Error Rate: 0.3333333333333333
Standard Deviation: 0.0
Learned NN Model (Weights) 
array([ array([[0.63967647126235516, 0.55404600652295488, 0.41110614061837414,
        0.40142527862356581, 0.83582597964902072, 0.090491008172063528,
        0.4746733503112216, 0.072294910286444455, 0.10539187995152553,
        0.55584409308550209, 0.78185990548755591, 0.2867135669294954,
        0.78533129505680377, 0.87893004622348125, 0.77538586452100944,
        0.80401356553317949, 0.82091428572255176, 0.25282773891259025,
        0.37540226180869407, 0.37583107139962413, 0.52503722652011986,
        0.33174212330925601, 0.23682597514893444, 0.037276148321357561,
        0.1700020626377432],
       [0.15420508022814267, 0.65495411534180603, 0.68320928525731939,
        0.64337720209701788, 0.29754280638048947, 0.57486453304481544,
        0.29139669700469162, 0.70060016425781979, 0.43528139581328784,
        0.4783171900165783, 0.46437039341134345, 0.096635405425686258,
        0.99677764683168046, 0.58731487970547425, 0.43508177039952334,
        0.77707111773420345, 0.49299004274484487, 0.15855238522973442,
        0.33972222023635279, 0.90855644513650824, 0.80392802596836466,
        0.86648130182053329, 0.48754361562989817, 0.4803861345632186,
        0.72053011352425711],
       [0.3983342796762247, 0.4542365740074456, 0.86145441319569216,
        0.72445431183449815, 0.81434112949023574, 0.078419435893458234,
        0.094049681379037811, 0.60968678381769337, 0.40586458633628747,
        0.9707294275713646, 0.024242654592987713, 0.38614537840692958,
        0.18206838692740596, 0.90110711510969488, 0.16546873704076076,
        0.5921540119325982, 0.52355295615747344, 0.96793247361529211,
        0.36795086024866941, 0.94109020539756894, 0.62641352535775452,
        0.23807613225496113, 0.60593257319017424, 0.53759161705749225,
        0.26275441464266425],
       [0.67382493981368741, 0.45796836282622438, 0.088383972021314372,
        0.88217268295680196, 0.23528070896473913, 0.49712197209743203,
        0.96851988280497281, 0.76617243204435259, 0.97422424558382315,
        0.76642486495838957, 0.030889121202474848, 0.53858892030310068,
        0.53571716233085709, 0.49064362776747383, 0.37406162285442812,
        0.14218258717030435, 0.94408309105278299, 0.09056725043843887,
        0.78017749854300811, 0.71438159031236559, 0.63518917822764343,
        0.14375181132666212, 0.91193039442397028, 0.74536018903885914,
        0.072228793324748991],
       [0.074725599362105669, 0.23801937292035222, 0.73741798610436127,
        0.23243267420484057, 0.59049888406331763, 0.83354900340483262,
        0.28803078411761829, 0.17478143851797298, 0.64966082645348044,
        0.61806060044826994, 0.44150314103030541, 0.45110736056087675,
        0.76887282494056242, 0.0020383504852516205, 0.18674227228633286,
        0.35125937082730557, 0.60869822207170532, 0.48098610457208163,
        0.35280540067614585, 0.051532816016580045, 0.33786743811796055,
        0.14313229310357448, 0.87628139699808161, 0.60182056414584628,
        0.84507133851625815],
       [0.80055266359286181, 0.69822165953630544, 0.31190359609609442,
        0.30336333691989609, 0.36367309356353966, 0.44958716151649974,
        0.65334524734022381, 0.8599244187626589, 0.2640787954877391,
        0.5751616291746946, 0.42465555364274454, 0.56263360368461268,
        0.30361906906493574, 0.54005064125457258, 0.77696345634784802,
        0.53817955781934268, 0.97707529335442056, 0.13365108263878389,
        0.67687287671302032, 0.15461506464113442, 0.17512514944466864,
        0.924660969586096, 0.069394943614788041, 0.81344903234756094,
        0.68716565907870952],
       [0.52337529586611953, 0.36914565356213519, 0.14451542566610945,
        0.18131838196092814, 0.4264274561681542, 0.61527142141013225,
        0.12736928753668883, 0.13101138130128623, 0.49831504340046778,
        0.023691315523495765, 0.1602453630706607, 0.73126036430799279,
        0.83539577788061226, 0.29192044876743506, 0.41101250244769338,
        0.65928180636080025, 0.20512049121738149, 0.68881068596170425,
        0.62399943529063606, 0.41505686835120836, 0.187186721255344,
        0.6720141379437341, 0.83969831724651345, 0.438230312010781,
        0.57316111071093345],
       [0.61882286762431082, 0.50475218423975909, 0.76491380969408418,
        0.90071656377594855, 0.31806021384320243, 0.76798710814252713,
        0.52380433931965931, 0.16736395031079587, 0.41489180215577937,
        0.72292691800479025, 0.97310086399581952, 0.43756405333728221,
        0.37779932528079113, 0.12319074669262658, 0.599100124105297,
        0.86965846914284484, 0.75132221604632898, 0.5926880547106973,
        0.88311367186598833, 0.63295663694925175, 0.46639178068854503,
        0.14936870114800541, 0.020236056637333258, 0.93116949536574545,
        0.75121856859120739],
       [0.1583673500211315, 0.78941598841328442, 0.19913781973076969,
        0.83298434138877775, 0.72247272027131637, 0.56568489678429201,
        0.48938167966999119, 0.63463854464721303, 0.45783522020056672,
        0.54015581861355044, 0.46209587605059821, 0.46610781742042107,
        0.18636838091232014, 0.57067280344102511, 0.94278317702772652,
        0.66909512587288289, 0.96143110809887766, 0.38296113410467231,
        0.97952632779591453, 0.060225687988879416, 0.029848788247691972,
        0.2278187140175551, 0.88941715318510439, 0.007522012418366167,
        0.23730617995382561],
       [0.20404871789308887, 0.80947309193862393, 0.50075429061974863,
        0.54858549108802357, 0.58749057883692113, 0.15707042599306867,
        0.99730828221709189, 0.71832540996233329, 0.52328081831258699,
        0.11025043017250753, 0.02785034900446598, 0.65172049156600576,
        0.54542468283031997, 0.14563927741850657, 0.54662315582188536,
        0.31594416402805248, 0.81425084788951885, 0.86432771082108206,
        0.59281676679804862, 0.10090075156378005, 0.60074610952774965,
        0.90031725513813965, 0.66994978322856757, 0.56595215282380684,
        0.82740143356026219],
       [0.44135046648627552, 0.54085446637591383, 0.43776665012073368,
        0.28836577721923407, 0.53135038183593819, 0.69666512152271287,
        0.712303249604745, 0.14414152787318588, 0.57751262786725843,
        0.34444832074760845, 0.45195631464846359, 0.29075996142607374,
        0.10288115989004212, 0.91795837789387025, 0.22208245272143468,
        0.054000048586984838, 0.13331124911307698, 0.88089161008602723,
        0.2472847302235589, 0.58519192956151178, 0.11981295844173401,
        0.4786497902364642, 0.81489869561754236, 0.82184570788496558,
        0.53107284885683703],
       [0.040058448809182183, 0.35111291654180216, 0.86783762051454227,
        0.32004605518952672, 0.96184740706692895, 0.7302227652191603,
        0.11072740720164666, 0.18266211106206884, 0.15320225079788394,
        0.37377940583050445, 0.48674591673442918, 0.10157775072885422,
        0.42483566936627976, 0.079663432277548518, 0.71936863162597064,
        0.58503188619417779, 0.62515744795849393, 0.79568408914291544,
        0.92288728514271035, 0.083423474567493147, 0.73188799795706094,
        0.40081941539779714, 0.061810722320921434, 0.52441117181851837,
        0.33427096178181209],
       [0.56705488677089422, 0.50213626026126734, 0.37590826678450556,
        0.25495114496834026, 0.79446904206201829, 0.13996473820569033,
        0.24229115654347241, 0.11984813985563342, 0.54850537547508238,
        0.95309868573183776, 0.016520835355244491, 0.43828429426761006,
        0.1426552393589065, 0.9103603820059466, 0.11622764510528297,
        0.62970218113299981, 0.72308064746908485, 0.17924619184025165,
        0.86284147597747118, 0.01412141907935725, 0.31605472280997116,
        0.54071440873806709, 0.7551583304406756, 0.7101620912820773,
        0.00022118208807488348],
       [0.67715735686015921, 0.41231932724800674, 0.45756178046859608,
        0.55946362029115937, 0.71410394351250017, 0.37774499776734477,
        0.9795825024533682, 0.68449421843353642, 0.57302667814047559,
        0.88544593722106135, 0.68830551744398361, 0.29784769227578367,
        0.34995557369132529, 0.11884978891148892, 0.055716050784501356,
        0.98245725668870676, 0.2347364848517757, 0.062228108189717371,
        0.21887004504226804, 0.97412381569264272, 0.27454767428664573,
        0.36066864789357145, 0.66626065614239571, 0.61141647141959998,
        0.16296358677209866],
       [0.55564517717355122, 0.79190273055229476, 0.81539519661805604,
        0.99166841016078366, 0.51739823382761363, 0.56150867727340525,
        0.89044091631491584, 0.92285350435913005, 0.69888514223312981,
        0.4888503366469803, 0.51092904504476888, 0.82281464440206942,
        0.78492220663306844, 0.44094117333118654, 0.24439615162350664,
        0.19758673753244937, 0.69922576780622603, 0.48283831529847582,
        0.37395945006942155, 0.0048853766532781914, 0.076376102924946815,
        0.0093586514462806764, 0.72500240145215622, 0.74555216498809951,
        0.84371402976600096],
       [0.36681998580799763, 0.95398747597406997, 0.31230780294246629,
        0.31576718279988419, 0.66084723394891176, 0.68770496809616621,
        0.79698963207720608, 0.63296195742462702, 0.85265330671987294,
        0.61800554854204104, 0.80395022877729327, 0.96247118362879802,
        0.9297546623156917, 0.68798155133280303, 0.81236125796421144,
        0.066471412145837266, 0.98626592672754332, 0.088847684929654391,
        0.97048594078014949, 0.36561860023597836, 0.55001977285471193,
        0.31406167755254083, 0.35130501925856272, 0.76044201537318723,
        0.043781317428505051],
       [0.12374620401940756, 0.62120394180287897, 0.03928920932287927,
        0.48979189752630925, 0.29620849964800783, 0.44014143978726444,
        0.5219194128933311, 0.39540357059083303, 0.24113370536742695,
        0.66664229890067406, 0.89886053070117133, 0.21445338246266654,
        0.31390698045954274, 0.063305271187867301, 0.99761060134522395,
        0.41881867597601735, 0.089792184743944167, 0.26719881012657132,
        0.22276241178196099, 0.52095048166156788, 0.53263068837679262,
        0.86096976309279072, 0.49942246689464859, 0.85355508741509389,
        0.6865533530917598],
       [0.12112915186289457, 0.097398601568749521, 0.2769083044672252,
        0.071230682697927566, 0.8530890438660409, 0.57507114934014614,
        0.41950789227628704, 0.69149921148965887, 0.26693940466044197,
        0.91635002671627952, 0.032831601340107784, 0.045304887190925187,
        0.67438701022365255, 0.15220646120183878, 0.94211403850781394,
        0.15230547830734223, 0.89599598913200262, 0.50892567270586919,
        0.85992610180692708, 0.67235746681408004, 0.94339383391014708,
        0.64707583080700382, 0.43337400151531463, 0.38386657551839198,
        0.42844497646126067],
       [0.88162581230426285, 0.16023814229646327, 0.48615384046408805,
        0.35161217878710072, 0.76247055758660554, 0.74392254827438919,
        0.11033546833895352, 0.39412508844273192, 0.52588027919307845,
        0.50787091042722143, 0.58693739998285721, 0.21918947692453886,
        0.6700613913842115, 0.34107456640154449, 0.78115270555947247,
        0.14983310824960519, 0.6083793348333808, 0.85087670494749001,
        0.17773059282971071, 0.69910042231672331, 0.62170052012629584,
        0.64541193144811115, 0.42116711936190526, 0.19815426353004123,
        0.84601591239219209],
       [0.66571144258878301, 0.90346419905153219, 0.038181283226488824,
        0.43695648166470613, 0.8011906398969425, 0.016164007437172667,
        0.35027230462397702, 0.1528380047141093, 0.79842934938565568,
        0.83713159180947816, 0.16990308963770515, 0.065983472626456388,
        0.412586633958896, 0.30625408033565799, 0.054341850415259997,
        0.84736858450399066, 0.21642808383546974, 0.97182605279278989,
        0.046847517870280297, 0.30453799527010583, 0.1378428033101852,
        0.53293899517682697, 0.41242322706390039, 0.3413151014167542,
        0.5160483822386952]], dtype=object),
       array([[0.59978897292578126, 0.04028212440096185, 0.79772911882443009,
        0.4603460078480503, 0.48388077083545439, 0.1967348285134469,
        0.19730306571974945, 0.92728148757581308, 0.21490752732779816,
        0.82396898074457903, 0.67024323652882967, 0.46200195385331111,
        0.13765669656431909, 0.38268729719512373, 0.48869935653718299,
        0.29464073463337936, 0.48297250686370774, 0.60901186090662229,
        0.42167750127487902, 0.2324062265206466, 0.72203294259899808],
       [0.48814186216485939, 0.92265406137216244, 0.48686826604519218,
        0.49423314179973865, 0.16624046179917462, 0.39542102661382988,
        0.79579053311574932, 0.15520131487957203, 0.4825118256880051,
        0.0062782448941395667, 0.3647195916850316, 0.75137724951567797,
        0.88985525802287202, 0.84498487760332552, 0.32682060818858572,
        0.37497049866183851, 0.48933517786945319, 0.80544767636405745,
        0.97471239605641746, 0.46006910125331618, 0.54189476151262639],
       [0.80817298853737063, 0.17584899806700122, 0.73563343740985943,
        0.59787652092286292, 0.74431567903799545, 0.077198759260802871,
        0.23304819561399473, 0.33662872620289397, 0.1964148168167596,
        0.49946030773851652, 0.45309979365473951, 0.66054868750167761,
        0.7263497114667804, 0.32472589483988268, 0.70274914537029198,
        0.9620417138103623, 0.93297702819530404, 0.5167341627513703,
        0.92494034862104446, 0.028689532043409318, 0.70089898023871389],
       [0.55353651680075844, 0.34790072326363758, 0.3237728676453655,
        0.37771538855134668, 0.98885451689136328, 0.1141744453354397,
        0.65009431278036034, 0.87157478870621963, 0.76287112839561477,
        0.97010914358336375, 0.42333533830115716, 0.12438777226470486,
        0.87086907699915705, 0.40230592006347665, 0.37325477172944893,
        0.4554277277474531, 0.14101503048523822, 0.76105167997641499,
        0.79175676565279918, 0.0065657501939701693, 0.050961591889633492],
       [0.32724558640369977, 0.69745238179147395, 0.71223110716430116,
        0.37183342694046556, 0.21120321093294017, 0.28036214088220779,
        0.12106549442391043, 0.47562244158046862, 0.37067048275918052,
        0.94329403693509373, 0.4060024874061724, 0.26410994394846116,
        0.24432503385240861, 0.6896986633657356, 0.38240421825253412,
        0.40025401275796973, 0.18665644396445896, 0.11810537435348388,
        0.61803679122916366, 0.24665827144781849, 0.96848506816877566]], dtype=object),
       array([[0.20875505925705728, 0.13674157582201907, 0.030117685024106354,
        -0.22152525194495531, -0.24118223193757365, -0.16099691880741976]], dtype=object)], dtype=object)

Last Cross Validation Set Predicted Values: 
(Predicted Value, Actual Value)
0, 0
0, 0
0, 0
0, 0
0, 0
0, 0
0, 0
0, 0
0, 0
0, 0
0, 0
0, 0
0, 0
0, 0
0, 0
0, 0
0, 0
0, 0
0, 0
0, 0
0, 1
0, 1
0, 1
0, 1
0, 1
0, 1
0, 1
0, 1
0, 1
0, 1
