Running data/glass.data.new.txt Experiment with positive class = 5
Number of Hidden Layers: 2
Number of Nodes in First Hidden Layer: 5
Number of Nodes in First Hidden Layer: 5
Average Error Rate: 0.04878048780487805
Standard Deviation: 0.0
Learned NN Model (Weights) 
array([ array([[0.17557986903473344, 0.86546597854712148, 0.34621441887286769,
        0.62228414038805224, 0.32981577694837777, 0.73533883837492786,
        0.92770914702765594, 0.18816180409967334, 0.0289147808425931,
        0.038897885495599221, 0.057257308732203173, 0.44020371712884832,
        0.31447978557286671, 0.083409220951048593, 0.39578684550644316,
        0.2827123092531505, 0.2491733064019736, 0.59065484642969612,
        0.76651488232950105, 0.5896184533186668, 0.50028440591182599,
        0.22604007301366527, 0.0072040323848340847, 0.07893579669260932,
        0.53887893946217968, 0.94510469272746844, 0.019958830106334983,
        0.27553922733694503, 0.16936584337871335, 0.014200179996517945,
        0.89892294002613815, 0.83359082519650007, 0.81823021461120715,
        0.46701812084363858, 0.19624174505310898, 0.15467473071032978,
        0.52211572112804205, 0.89175477045720131, 0.61901878588501058,
        0.64799202925637656, 0.18622716174305814, 0.26142297733083941,
        0.0076439497044986171, 0.81775040465952786, 0.046191521819960897,
        0.43121259193348421, 0.65307086811244108, 0.18930339202634866,
        0.0097508828071279884, 0.52318804546994335, 0.82486944139389928,
        0.14647688216243177, 0.68578465136169364, 0.33648815450323832,
        0.088923699422430585],
       [0.21782172998847005, 0.52425385373462141, 0.13082014157980215,
        0.16020216505453308, 0.52558365714273036, 0.6340003944500715,
        0.024821368628058393, 0.92931212693065912, 0.39028254365957854,
        0.44657312718124031, 0.11073176323089413, 0.17305085513010521,
        0.70524636534726848, 0.92846559251923633, 0.87877586565934096,
        0.64832058059878572, 0.89294955091264716, 0.7407446985456474,
        0.80349570790661817, 0.15065615262373058, 0.75591658068611134,
        0.74596299663019616, 0.30388760916396962, 0.78144440335801368,
        0.28370813573113607, 0.010496413734264366, 0.58252308567071875,
        0.11075677463431499, 0.48248765821116169, 0.15756549349674603,
        0.49919695008049564, 0.82858152992545897, 0.74600694105683629,
        0.67584274494744345, 0.11659580805726522, 0.57536615280895287,
        0.33258948604027644, 0.25289066509352515, 0.78655769840208511,
        0.18301004390006986, 0.14126878877850246, 0.61237054144447145,
        0.14826899752785064, 0.61079323073010483, 0.21289314047673222,
        0.074177352165819249, 0.083540913802938044, 0.2687746816688204,
        0.32672959336211466, 0.27655295386587009, 0.96428174123401056,
        0.090674407670421647, 0.1395247837571767, 0.90282705976696698,
        0.97594776169077557],
       [0.98437682911104307, 0.57654033925497183, 0.78884008374738634,
        0.47850863836212076, 0.83447391292544337, 0.6386791370334195,
        0.15802080509274974, 0.98612727149024482, 0.022099765994271027,
        0.45451790223876909, 0.48902871089273375, 0.74480894346678694,
        0.81230111782437764, 0.050749342626952777, 0.81999975654343471,
        0.20931470650932163, 0.29006156422287016, 0.45854069254712992,
        0.437747108437885, 0.095920500477422774, 0.61953655427802024,
        0.14105549234255119, 0.030255646372228776, 0.752966527342398,
        0.56789722086624028, 0.85599650712282427, 0.13562468759118093,
        0.0035550867888175602, 0.59822808176387654, 0.37371149391289066,
        0.20347096871609982, 0.86462211618040719, 0.52166800033701399,
        0.7277588839864273, 0.64965284035820037, 0.85085939368176366,
        0.2803250223762464, 0.89879783349486542, 0.15232513896953279,
        0.84270624819893425, 0.8109063111280268, 0.96401431525431336,
        0.85082699192899824, 0.17292418614813329, 0.69726810051710042,
        0.0043755782332992278, 0.19531050510049397, 0.34229756978306713,
        0.95408942881873882, 0.71283984490879404, 0.50006046553235517,
        0.6318344561492879, 0.7623121755940776, 0.66324422706686803,
        0.17635873474561442],
       [0.57249368251127697, 0.3976301931077218, 0.23233128205686915,
        0.59225473928608219, 0.07968792194318966, 0.94445643877428898,
        0.67443276623568582, 0.20782028954706958, 0.87900312477126641,
        0.81308550184072814, 0.95400584455818438, 0.31545727561267622,
        0.79361512498736553, 0.36452962875064343, 0.40780332776187106,
        0.15307071965358565, 0.49320068803599576, 0.16800636420915255,
        0.96213372876049919, 0.55879416252710556, 0.74045241809210194,
        0.21816860566771709, 0.19251742361148755, 0.048401263167387895,
        0.0057269293164867729, 0.90278197832407991, 0.49412940875708311,
        0.013465840458750771, 0.40572762204460144, 0.37054080232408615,
        0.51517235498010883, 0.16730134554934115, 0.29893889406405982,
        0.62198553352378028, 0.88103133016132307, 0.3633191342419545,
        0.28643695618542808, 0.30467073527193489, 0.20896148085389893,
        0.32518583982202498, 0.98209245862421102, 0.88721181364453638,
        0.0021663719461953272, 0.33271781415444612, 0.11288114760976602,
        0.83497771651295916, 0.013628608860332569, 0.13626522773019284,
        0.15691190040542449, 0.30899977668572176, 0.51428425937906885,
        0.86607323512723666, 0.88608896376304291, 0.029040676561518174,
        0.51753679367399363],
       [0.08920534722719263, 0.16086457322063, 0.56487535018364765,
        0.89080241563628482, 0.056705107616111854, 0.054109685075055917,
        0.018484733622936234, 0.1749443665995041, 0.81207206421507272,
        0.26560466664330551, 0.63144231387371319, 0.43482272068436661,
        0.99670036301529297, 0.32536309669336799, 0.90998136733435364,
        0.57968538708071038, 0.65433239714542391, 0.68502433812224905,
        0.23426311895995822, 0.94824006741342726, 0.23155299116814612,
        0.42853530951559665, 0.78460682330848452, 0.74380174030268809,
        0.27035665868713277, 0.46031274147322326, 0.086460345978687167,
        0.068786031835666298, 0.48387628868092902, 0.85627608893646801,
        0.73802443787455074, 0.52664460284820558, 0.77116801014233338,
        0.58720241845763987, 0.76664518085058853, 0.0048809273797163488,
        0.044923600254947439, 0.88991240188708365, 0.385138333139037,
        0.82929420773307649, 0.64170528375288749, 0.053743816717566818,
        0.58650677245730509, 0.14252062597277679, 0.83757632316411545,
        0.11201711011366697, 0.68742075203720054, 0.015004454772963,
        0.42737532904022979, 0.86350154739224727, 0.96821372059484723,
        0.55364661308900298, 0.0201903369731041, 0.34140699695451721,
        0.88483874412315344]], dtype=object),
       array([[0.66916985653653482, 0.23026460251688588, 0.93258517337721891,
        0.89649229116458062, 0.39582919555965312, 0.34153814838150021],
       [0.45067735459406372, 0.69551688031086834, 0.066982222525316729,
        0.86334800415054991, 0.92216079710798726, 0.33480654445194669],
       [0.059090494268438563, 0.45395932958064694, 0.86642619104706298,
        0.017812599290993089, 0.71896882899144188, 0.45913224482769521],
       [0.76173941742020557, 0.28203157413384444, 0.42958336445024309,
        0.73151781061316956, 0.53858808766044808, 0.52513848096199633],
       [0.91368682637586141, 0.2456676301432876, 0.26276145002271206,
        0.40291337347395823, 0.099619845936338144, 0.66971582695054355]], dtype=object),
       array([[-0.34772364711061637, -0.3179582247956233, -0.38041330208167845,
        -0.9107560414681366, -0.16433347707653626, -0.8995275943748691]], dtype=object)], dtype=object)

Last Cross Validation Set Predicted Values: 
(Predicted Value, Actual Value)
0, 0
0, 0
0, 0
0, 0
0, 0
0, 0
0, 0
0, 0
0, 0
0, 0
0, 0
0, 0
0, 0
0, 0
0, 0
0, 0
0, 0
0, 0
0, 0
0, 0
0, 0
0, 0
0, 0
0, 0
0, 0
0, 0
0, 0
0, 0
0, 0
0, 0
0, 0
0, 0
0, 0
0, 0
0, 0
0, 0
0, 0
0, 0
0, 0
0, 1
0, 1
