Running data/iris.data.new.txt Experiment with positive class = Iris-setosa
Number of Hidden Layers: 2
Number of Nodes in First Hidden Layer: 20
Number of Nodes in First Hidden Layer: 5
Average Error Rate: 0.3333333333333333
Standard Deviation: 0.0
Learned NN Model (Weights) 
array([ array([[0.77318782648864015, 0.89177207417833471, 0.65494392329031759,
        0.95265577007463098, 0.63387505685357493, 0.84272399886864491,
        0.057351871878670982, 0.10954554974468191, 0.40755383775893356,
        0.23903559568739771, 0.30881509855952644, 0.905722980155794,
        0.34248035166984203, 0.70513880792808104, 0.48331433546030039,
        0.17959291316207535, 0.98351015029790545, 0.0674473634191671,
        0.43459358733744025, 0.73722647091093796, 0.1131461331237141,
        0.11797043327510906, 0.89677664828694703, 0.93878889185411374,
        0.046589526706419894],
       [0.83560057622690886, 0.028033134550140549, 0.15122999450253774,
        0.51363462281511496, 0.24701380415083862, 0.96926673899705318,
        0.81404674207199224, 0.63824055141499259, 0.28732676122265216,
        0.8481421244346421, 0.39519288479590925, 0.74992809242043279,
        0.38660644859320015, 0.2487162005859028, 0.49250688334463033,
        0.91660090934339955, 0.40173694162563511, 0.59781849486210259,
        0.70009113714952964, 0.38610824214419681, 0.11912640829177158,
        0.9210052600346893, 0.68878142086209737, 0.013560520147272085,
        0.29172526834234619],
       [0.72089867208500436, 0.93942544634319403, 0.71138525103545946,
        0.54864783435116082, 0.38754110273395298, 0.36146014388075898,
        0.10366888229288053, 0.19852536569195847, 0.22417517280956292,
        0.3916501830911841, 0.038137935261355484, 0.15453180611772829,
        0.76638623794619631, 0.62461293823767572, 0.064267804246710011,
        0.70090000531189056, 0.96840050628157015, 0.71387685241292753,
        0.7975693201753532, 0.99193136364175083, 0.066252847649152152,
        0.23712749663159843, 0.99092858521489402, 0.8809842287780163,
        0.27295840222124707],
       [0.43243032124744735, 0.64799767106693273, 0.064912123596103724,
        0.0014915532816603331, 0.4588249070494777, 0.95792723831295112,
        0.74392383281020802, 0.82959905274719214, 0.43789829316069129,
        0.70000825126966548, 0.29385723154486854, 0.35521616150811275,
        0.92806118022456141, 0.21766566903895598, 0.87635355223792621,
        0.82069456662126805, 0.15597732515480273, 0.64580691274651303,
        0.66226394111496645, 0.16867266336576156, 0.15138435883620771,
        0.66322456028770593, 0.9099474799381938, 0.51062323155818257,
        0.52914816133567033],
       [0.85983906801655263, 0.82348067084439547, 0.70495817652179549,
        0.060825062733437713, 0.92877171525863056, 0.93309968206821026,
        0.51862539023623688, 0.46569527240748426, 0.93488953884618298,
        0.3925530880748897, 0.78112716784530201, 0.10228995237289792,
        0.91499024621763991, 0.19050133795310048, 0.40328645954275311,
        0.82380230132993815, 0.67861773715065832, 0.76015599190008565,
        0.97080006845749867, 0.12991727061140132, 0.5947008367295592,
        0.36003581724906919, 0.88827272037150418, 0.93952170955601189,
        0.86640623830234231],
       [0.42950132109502903, 0.32754897877390637, 0.062803664123053798,
        0.21018631627652476, 0.094231851061836125, 0.14604029724894271,
        0.39260201947329798, 0.06406836039255609, 0.575796137143187,
        0.80899676857420377, 0.06343851912283327, 0.5653737410480828,
        0.017657758260093928, 0.50881592335810821, 0.37505159783116193,
        0.3384641764575208, 0.68544343876958935, 0.34403922044216961,
        0.17931918795876811, 0.87611757287351011, 0.14631091147881814,
        0.96436003062494458, 0.99411963833031614, 0.77835073254663789,
        0.11771985924024581],
       [0.11498475066857794, 0.78782858907523723, 0.16105551390512157,
        0.63974489947887003, 0.20255140704878727, 0.10862321271776663,
        0.043060288108012955, 0.93811192610474947, 0.43339616626941757,
        0.43868672291784166, 0.63696634459539869, 0.0396303723304283,
        0.43406975322632602, 0.2273592084939943, 0.50538544109358274,
        0.90740231102416913, 0.045368929309892753, 0.6264547119567816,
        0.51295812813221864, 0.9262770900371794, 0.54644170423241778,
        0.87566617598385599, 0.10812971594571322, 0.70014642154993212,
        0.46923622518043767],
       [0.12899374088704987, 0.71602840437134785, 0.15217598579422179,
        0.59839189919999136, 0.82864934597648177, 0.34675375977052891,
        0.93855244023310458, 0.52548589195069095, 0.6925801592993307,
        0.64239428143110588, 0.84490157736671145, 0.85038375061925109,
        0.22575558592276651, 0.14804555097245822, 0.11959640626051413,
        0.086157276603477592, 0.014430059004938735, 0.45834347338181347,
        0.71486676607137511, 0.23269686797272846, 0.6590942263253825,
        0.52812339201870717, 0.72859803033362325, 0.79369727514248123,
        0.30006984545785553],
       [0.1816597665855578, 0.757916437441713, 0.2457043403279405,
        0.79131102938660369, 0.11300112850209318, 0.98572715934780553,
        0.77629273422787959, 0.2274893714430094, 0.51802330681776076,
        0.57672857370098274, 0.7321220887210077, 0.60758415105332109,
        0.54146773185799069, 0.99712738047651439, 0.00981337332021711,
        0.20005407767834066, 0.80991838155987528, 0.9076188671888733,
        0.60162281803336448, 0.19795046515979903, 0.67671069044091325,
        0.40490123411145412, 0.48583259156958186, 0.73849329709161438,
        0.98069079379772528],
       [0.9240197848177224, 0.40399093861188556, 0.81292216300621878,
        0.85094008578981528, 0.4453452388170171, 0.42804868648278516,
        0.081223975273200841, 0.30998596594039413, 0.23283777986183873,
        0.078073854659028732, 0.64750179641009664, 0.90707720707373518,
        0.91652998815666764, 0.56511891650617807, 0.065541470488702583,
        0.26414169074261989, 0.68713580166778987, 0.02895580546675406,
        0.27010652410114822, 0.0095350228779750197, 0.36495799467458884,
        0.29879469444069995, 0.60398879959715202, 0.23739660026081419,
        0.2247186925960396],
       [0.87814414163485932, 0.60154844324517576, 0.10354233345471342,
        0.51402756165439512, 0.43878238895602067, 0.73414897388796663,
        0.56409991532635839, 0.60349691689448992, 0.44209593665849767,
        0.21717482840027164, 0.1031202099547754, 0.48380875758834974,
        0.58882265824629143, 0.92635680518525942, 0.97264227071688314,
        0.36780151719825926, 0.896676719206425, 0.60395066094095795,
        0.038744753448521352, 0.42775790019406978, 0.41001201449659758,
        0.86702671689667021, 0.042892022709525593, 0.4881371634971009,
        0.44781651969659242],
       [0.20586026052419057, 0.38151227218423195, 0.61740177053435819,
        0.28656586816443957, 0.73985421239730853, 0.56349057906900912,
        0.22194983876205482, 0.81320570852572072, 0.71686556363724618,
        0.20044193071269165, 0.15136421172501352, 0.6207396938046742,
        0.036071422754186018, 0.7105952869292177, 0.29261177759338919,
        0.09639921850376211, 0.048478794458295435, 0.4708164156093827,
        0.35129916432477215, 0.15098924471625566, 0.99739808064220359,
        0.21340514869176508, 0.10944500308278941, 0.15161415715823798,
        0.50184603574532927],
       [0.50746723283086803, 0.29844170511413476, 0.22769638166348488,
        0.27291177647504161, 0.94546020483146798, 0.54682233628972954,
        0.98617964995380103, 0.69616751415434452, 0.58145111774919633,
        0.99046534341186698, 0.68496063728984946, 0.55455718377516594,
        0.12268322281780533, 0.13177003037102336, 0.60964019515667067,
        0.30526479284759073, 0.14034759189410143, 0.81831415047422773,
        0.54345081668823159, 0.36792237733725758, 0.84410534068085186,
        0.36261857619353094, 0.51112141137075118, 0.34265116103802762,
        0.27515071991043855],
       [0.28919647390973668, 0.22061947376260815, 0.24763622687043632,
        0.93151474939665524, 0.96321956034556455, 0.28630903831378207,
        0.74501634797610838, 0.44095982899895086, 0.54563236124272962,
        0.27298054534386096, 0.79101148581786551, 0.66978429161989617,
        0.83970845542249473, 0.23074883565213364, 0.93725060452383391,
        0.30783511673510966, 0.71271730968235469, 0.23974553723584627,
        0.47439210821104294, 0.65065341128619325, 0.82894269027993861,
        0.78396744892141113, 0.97001072380589293, 0.9931621314958452,
        0.82017688886747186],
       [0.9836920733273089, 0.67098418593893228, 0.96218627978734705,
        0.14126876840063327, 0.92307178819181035, 0.042534314658763478,
        0.41011029943392147, 0.37148689592956879, 0.51036169172407497,
        0.99358422318172945, 0.3968760311538147, 0.24166212257279934,
        0.83710340020393359, 0.12696746860323688, 0.51795032813868236,
        0.58974207548730151, 0.07848770563968524, 0.52523055796172002,
        0.95798048105618694, 0.21522815543117382, 0.28211122078564416,
        0.17526459558356564, 0.69094234078376937, 0.0059874192667843038,
        0.83098670789430107],
       [0.23826275331027941, 0.28361134913548269, 0.44888207569486094,
        0.01670910766618755, 0.59605343202550509, 0.59991972400024995,
        0.78693808673675558, 0.20285957440249364, 0.28861674742339122,
        0.66135143368716542, 0.29396195233443906, 0.62417309149144706,
        0.82898749407285244, 0.026290216319324187, 0.65805598941412224,
        0.26710812629177888, 0.58649538794942913, 0.14836644690871539,
        0.86653536688197619, 0.082426154913818994, 0.58540991627332584,
        0.96857795717159467, 0.98622847589832641, 0.1438533607691436,
        0.47421139302451915],
       [0.29719999520870499, 0.58780256591706015, 0.16024030843856402,
        0.80857343355905242, 0.0067927468182173122, 0.75983137680379176,
        0.31683451094941067, 0.74431748886696336, 0.77214354729514567,
        0.1753473311275843, 0.77098623383299192, 0.88952545291832597,
        0.089548312974165531, 0.70711872086076955, 0.4834396012293406,
        0.43065836201663943, 0.53036522167131306, 0.82141916576623286,
        0.85117967886505919, 0.66951776543927044, 0.34266451699589001,
        0.80777963399639574, 0.30906246712137048, 0.35045652615669576,
        0.9114528212242009],
       [0.3635522971860643, 0.48202784468239024, 0.92099653688576721,
        0.0014631522777152771, 0.089257219005904498, 0.7998029623688061,
        0.28171369735477186, 0.84139664277484816, 0.55802200465631124,
        0.92258821580472672, 0.3791110567179054, 0.52217323976631236,
        0.14341979755388071, 0.11683040568574142, 0.85418157292426633,
        0.2069801206942567, 0.76385386831073188, 0.26014844181250391,
        0.027795797840189707, 0.94951478025813096, 0.51330852712303088,
        0.041665185321381283, 0.28987172279873891, 0.97890243929761578,
        0.53050689294060793],
       [0.23829391754801882, 0.46798454474914764, 0.18079385103200099,
        0.71440384518883404, 0.51037038916181943, 0.94437267523797286,
        0.19105512634961244, 0.76024082677007809, 0.83244501016112704,
        0.61271923267620543, 0.14307775175406459, 0.89118477916264693,
        0.33802163726647705, 0.36704204211839758, 0.50406461320688212,
        0.31459313418816814, 0.044883673221283359, 0.45648047557641114,
        0.58566728155293379, 0.049827807489230533, 0.54940107477340427,
        0.5807875127858031, 0.021676672021909659, 0.060860573507533072,
        0.068748622070931617],
       [0.78720914639495321, 0.9228770798190653, 0.25588359537443861,
        0.65937434993831112, 0.0075391500149116679, 0.68670832881514043,
        0.21418832502134846, 0.2325284777043955, 0.65046034293241506,
        0.069940009195126412, 0.25025611757697513, 0.83836237031170902,
        0.9777707898496264, 0.20418006579115611, 0.37770751932610352,
        0.6871774809635377, 0.34230870447641765, 0.72018393131259617,
        0.46700128258968321, 0.092825832674702499, 0.59216362618970508,
        0.41966097533195196, 0.20410571499895139, 0.61364375983502917,
        0.74845507954923107]], dtype=object),
       array([[0.25204312911764643, 0.19642295864844714, 0.30182022548704829,
        0.99062363881201054, 0.63035342817759477, 0.85546381535783667,
        0.067209646023720857, 0.79299662830618445, 0.81710714905541637,
        0.59179486322581942, 0.30366010966025753, 0.074131248287926721,
        0.5246559810287259, 0.32919732708487609, 0.16444962709398425,
        0.50147311937229722, 0.44914423620731531, 0.60369025914244268,
        0.30952122162399209, 0.14190694701967141, 0.8235770725955831],
       [0.80380569473373698, 0.83187470834736466, 0.59311856026186882,
        0.79396596519192131, 0.72039942360073972, 0.5279568112413412,
        0.70210657534865273, 0.82743643089280983, 0.29084410525225951,
        0.85300403112865897, 0.2380872944314284, 0.779055308307817,
        0.095255542622184983, 0.14961769827849167, 0.05389321564106378,
        0.53735139640982277, 0.086191820604931954, 0.71047951002105059,
        0.049812437311060172, 0.6320544333115834, 0.21260861216337754],
       [0.55361043939115084, 0.87627100057624496, 0.34961924928809629,
        0.52794848157028673, 0.8788806612952067, 0.11952837466490659,
        0.7673257226164143, 0.48272503272974071, 0.025144040468816846,
        0.18503684246301058, 0.50222312744577169, 0.36460002584757495,
        0.32443345371213766, 0.86998142692020142, 0.34308139591206432,
        0.82535534192609961, 0.52687031432067133, 0.073393394480805965,
        0.070209464994084744, 0.87066538995481224, 0.77853980632987874],
       [0.58009801467418098, 0.16834211683964159, 0.096593786610418023,
        0.68771062763339619, 0.92505344746730911, 0.45073710227835995,
        0.84066660786737757, 0.013022190200792183, 0.36961112072392016,
        0.13110042670231176, 0.97599606079517165, 0.010053252546506415,
        0.8194502522913939, 0.83960440260614522, 0.97399761483696257,
        0.60273196245841987, 0.79620939313620231, 0.56047642237536666,
        0.9179489265352605, 0.65269954087239057, 0.56833843670364348],
       [0.055471856252988831, 0.92231474204090802, 0.61929862258867352,
        0.18572261787885722, 0.47957878029945716, 0.83880989858924504,
        0.98811447369138794, 0.035692557890658103, 0.33769568831479641,
        0.9832597889560819, 0.53900238282400792, 0.21763104744304471,
        0.12663791174378849, 0.659787025466266, 0.60503225372279557,
        0.52446236541357449, 0.99570242646231277, 0.91638130030304532,
        0.23906700883980789, 0.20484352939609338, 0.055136593253125893]], dtype=object),
       array([[-0.37466908418063605, 0.047546965277669613, 0.14328714197674994,
        0.30032154500692698, -0.43484172191518683, 0.07024071556592296]], dtype=object)], dtype=object)

Last Cross Validation Set Predicted Values: 
(Predicted Value, Actual Value)
0, 0
0, 0
0, 0
0, 0
0, 0
0, 0
0, 0
0, 0
0, 0
0, 0
0, 0
0, 0
0, 0
0, 0
0, 0
0, 0
0, 0
0, 0
0, 0
0, 0
0, 1
0, 1
0, 1
0, 1
0, 1
0, 1
0, 1
0, 1
0, 1
0, 1
