Running data/glass.data.new.txt Experiment with positive class = 2
Average Error Rate: 0.375609756097561
Standard Deviation: 0.029268292682926814
Learned Naive Bayes Distribution: 
Keys are structured as follows: (feature#, possible domain values 0 or 1, 'label', label value)
Special Key's that are ('label', possible_class_value) are the percentage of the distribution with that class label
[ 0.6700721649562804,
  0.3363613762475045,
  0.008817442539951412,
  -0.7407202755610776,
  1.1187379264495587,
  0.5310695844636194,
  0.414728699417096,
  0.07899244468430046,
  -0.7561848471892771,
  -0.7557425107859497,
  -0.4821164509066483,
  0.7789341838924171,
  -0.496085830063686,
  -0.38222028552854315,
  0.1500997267904321,
  -0.6251637698228525,
  0.4471162484409828,
  0.1250052042261655,
  0.7353717152891992,
  -0.8044775993702031,
  -0.6469550744348105,
  -0.22110875751569464,
  -0.5045063541763368,
  -0.11156638596394174,
  0.688107439634938,
  -0.7759490849049571,
  0.5212848786752995,
  0.5232899778294898,
  0.25037252744002475,
  0.43451835771721153,
  -0.0501608177262263,
  1.1878549904085107,
  -0.5003727877151759,
  -0.31728030279721886,
  0.5627345580516194,
  -0.3291258669235113,
  -1.0046324686854387,
  -0.663713278333847,
  -1.032084966163991,
  -0.8525414217643428,
  -0.7144665332178978,
  0.33242087333101183,
  0.3501048194851914,
  -0.1605731886284102,
  -0.7686552141668369,
  0.18896029061454347,
  0.5469634224697905,
  -0.0010846330978802239,
  -0.4366432575462888,
  -0.7767549223476005,
  0.3958079923762479,
  0.47836289527207904,
  0.7801889315357828,
  0.8571950412582345]

Last Cross Validation Set Predicted Values: 
(Predicted Value, Actual Value)
(0, 0), 0
(0, 0), 0
(1, 0), 0
(0, 0), 0
(0, 0), 0
(1, 0), 0
(0, 0), 0
(0, 0), 0
(0, 0), 0
(0, 0), 0
(0, 0), 0
(1, 0), 0
(0, 0), 0
(1, 0), 0
(0, 0), 0
(0, 0), 0
(0, 0), 0
(0, 0), 0
(0, 0), 0
(0, 0), 0
(0, 0), 0
(0, 0), 0
(0, 0), 0
(0, 0), 0
(0, 0), 0
(0, 0), 0
(0, 0), 0
(0, 1), 1
(0, 1), 1
(0, 1), 1
(1, 1), 1
(0, 1), 1
(0, 1), 1
(1, 1), 1
(0, 1), 1
(0, 1), 1
(0, 1), 1
(0, 1), 1
(1, 1), 1
(1, 1), 1
(0, 1), 1
