Running data/glass.data.new.txt Experiment with positive class = 7
Average Error Rate: 0.024390243902439025
Standard Deviation: 0.021815297341461364
Learned Naive Bayes Distribution: 
Keys are structured as follows: (feature#, possible domain values 0 or 1, 'label', label value)
Special Key's that are ('label', possible_class_value) are the percentage of the distribution with that class label
[ 0.5221866479135544,
  0.21386020195048483,
  0.03135782123099251,
  0.5574790962784301,
  0.0042039576211806,
  0.06174199882411193,
  -0.947124035866818,
  -0.2561297709113865,
  -1.1878175729977352,
  -0.06005833438523659,
  0.9629302587158177,
  -0.7532797722719957,
  -0.13618396242334826,
  0.6701995015955877,
  -0.9737814300952423,
  -0.3866689759882296,
  -0.7582629954093547,
  -0.3072404815376866,
  -0.6593795492597188,
  -0.5255207470629347,
  -0.28579689104770706,
  0.7431250940469739,
  1.526705032201721,
  -0.35424440524144174,
  -0.9650152365208793,
  -0.07020389918915271,
  -1.3323336472073446,
  -1.0705825775303033,
  -0.38849789542516533,
  0.6408950969760626,
  -0.04171255939327047,
  -0.928407712323063,
  0.2938838297885781,
  -0.7431851642243672,
  -0.9339861994225607,
  0.40526762456813575,
  0.10294080340971944,
  0.24888319959162886,
  -0.021588168855850395,
  -0.34763639399678126,
  -0.1998526567138442,
  -0.8463571129358238,
  -1.3849368067639671,
  0.25783972343927114,
  0.831137141464952,
  0.796679544090107,
  -0.4636369571358163,
  0.526166119520813,
  0.6514291684559599,
  0.7794273316981123,
  -0.09360897533486257,
  -0.5292291679744225,
  -0.698841793904591,
  -0.38620208520840277]

Last Cross Validation Set Predicted Values: 
(Predicted Value, Actual Value)
(0, 0), 0
(0, 0), 0
(0, 0), 0
(0, 0), 0
(0, 0), 0
(0, 0), 0
(0, 0), 0
(0, 0), 0
(0, 0), 0
(0, 0), 0
(0, 0), 0
(0, 0), 0
(0, 0), 0
(0, 0), 0
(0, 0), 0
(0, 0), 0
(0, 0), 0
(0, 0), 0
(0, 0), 0
(0, 0), 0
(0, 0), 0
(0, 0), 0
(0, 0), 0
(0, 0), 0
(0, 0), 0
(0, 0), 0
(0, 0), 0
(0, 0), 0
(0, 0), 0
(0, 0), 0
(0, 0), 0
(0, 0), 0
(0, 0), 0
(0, 0), 0
(0, 0), 0
(0, 0), 0
(1, 1), 1
(1, 1), 1
(1, 1), 1
(1, 1), 1
(1, 1), 1
