Running data/glass.data.new.txt Experiment with positive class = 3
Average Error Rate: 0.07317073170731707
Standard Deviation: 0.0
Learned Naive Bayes Distribution: 
Keys are structured as follows: (feature#, possible domain values 0 or 1, 'label', label value)
Special Key's that are ('label', possible_class_value) are the percentage of the distribution with that class label
[ 0.7623617337576426,
  0.16040211126335557,
  -0.48194689703454663,
  0.030711223066823033,
  -0.06320587112917186,
  0.6838751194139655,
  0.09286055686019434,
  0.1428001464038532,
  -0.5832887896925076,
  -0.49699459034327526,
  -1.1333211807559744,
  0.008619570073474074,
  -0.5085030866304665,
  -0.027561158312490286,
  -0.31511927501600834,
  0.6092424716154886,
  -0.019509772601260782,
  -0.30763750468329226,
  -0.28390027524448014,
  0.5575533371372563,
  -0.15358835711379965,
  -0.6845046398380937,
  0.18340890387378497,
  0.5577171974398704,
  -0.4557350298124909,
  -0.973122257295267,
  -0.1918200604301754,
  -0.3737174891215111,
  -0.7800613845406079,
  0.3565901148982213,
  -0.8519855346550251,
  -0.35391887344949746,
  0.16074570938665295,
  0.9329816879931321,
  -0.40527728257309814,
  0.8728507387306439,
  -0.1626003313689226,
  -0.9690205795170367,
  0.38638004952077115,
  -0.41643731687057867,
  0.08571816118375811,
  -0.9215412233479334,
  -0.3228650782985436,
  -0.22346500521647672,
  -0.6771282926790575,
  -0.16507424833082135,
  -0.04418238114456763,
  0.818691515057356,
  -0.5992159769187341,
  0.2711905667249292,
  -1.0247698548280346,
  -0.1095135714986657,
  0.39216329806944084,
  -0.07434744614496885]

Last Cross Validation Set Predicted Values: 
(Predicted Value, Actual Value)
(0, 0), 0
(0, 0), 0
(0, 0), 0
(0, 0), 0
(0, 0), 0
(0, 0), 0
(0, 0), 0
(0, 0), 0
(0, 0), 0
(0, 0), 0
(0, 0), 0
(0, 0), 0
(0, 0), 0
(0, 0), 0
(0, 0), 0
(0, 0), 0
(0, 0), 0
(0, 0), 0
(0, 0), 0
(0, 0), 0
(0, 0), 0
(0, 0), 0
(0, 0), 0
(0, 0), 0
(0, 0), 0
(0, 0), 0
(0, 0), 0
(0, 0), 0
(0, 0), 0
(0, 0), 0
(0, 0), 0
(0, 0), 0
(0, 0), 0
(0, 0), 0
(0, 0), 0
(0, 0), 0
(0, 0), 0
(0, 0), 0
(0, 1), 1
(0, 1), 1
(0, 1), 1
