Running data/soybean-small.data.new.txt Experiment with positive class = D3
Average Error Rate: 0.05
Standard Deviation: 0.06123724356957946
Learned Linear Regression Model (Thetas) 
[ 0.4216606137071857,
  -0.996507842192776,
  0.09931699983178133,
  -0.384453594322792,
  0.17819348593273387,
  0.02977416031472261,
  -0.6754788393265349,
  -0.07799773310198518,
  -0.20824750720416518,
  -0.11248605560082714,
  0.6518541738445334,
  -0.715671273197327,
  0.17438702880879065,
  0.23728191094524037,
  -0.5973425607823191,
  0.7122136861586552,
  0.346489759113362,
  -0.31791587600899374,
  -0.7302865809524429,
  -0.6445976620453873,
  -0.23110577273116562,
  0.3146257128762002,
  -0.3403864143729325,
  0.02120395914007521,
  -0.08043515650261814,
  0.36495034893872097,
  -0.17860028589401927,
  0.2874571473601688,
  0.887867845108957,
  0.7057964575439746,
  0.08413169339917527,
  -0.7736972682234905,
  -0.39678629221729145,
  0.8519921487182553,
  -0.18612821512681932,
  0.3955841243844324,
  -0.5535493619710409,
  -0.8655405443240992,
  0.42340239026140436,
  -0.47408028982903416,
  0.43493298457327145,
  -0.17021671815241013,
  -1.3127675501971672,
  0.17623964139700377,
  0.9921929365519344,
  0.029580750044004844,
  0.6203948329166276,
  -0.5237878257533789,
  0.37091739943066676,
  0.43676146777264374,
  0.7146729264415028,
  -0.5984025482443227,
  -0.8598374190307772,
  0.1822615486327124,
  -0.21067864987018736,
  -0.6678666257387578,
  -0.2802109562060058,
  0.15339367260588288,
  -0.8647060088143781,
  0.9926884852507232,
  -1.51483246896367,
  0.4821444399632162,
  -0.4311580393887129,
  -0.5009040148807433,
  0.0517886769847824,
  1.2351708557329777,
  -0.32010515869003764,
  -0.7882773147040225,
  -0.7780830246696036,
  0.14828769738113956,
  0.42562916539942863,
  -0.13914896336161955,
  0.5886170632107626,
  0.1996241531185945,
  -0.6556397317324043,
  -0.30072976805331986,
  -0.23855578958970947,
  0.8776129560827461,
  0.3175003213483487,
  0.20117756711866952,
  0.34843807398970084,
  0.3917282419120942,
  -0.22219062788152089,
  0.6952195347581207,
  0.6134572073321163,
  0.2524011247447435,
  0.467691852655596,
  0.6768933212942827,
  -0.21933179688957005,
  -0.4624971677861003,
  -0.3565887102833012,
  0.42634601809424644,
  0.10635778819483455,
  -0.9491328143194093,
  -0.29723895827752567,
  -0.6241322668492042,
  -0.24899250075306423,
  0.4317885132355108,
  -0.9155579942530347,
  0.39041912719050265,
  -0.5428827118845272,
  -0.27206976798493,
  0.7633121290122433,
  -0.0265396336087802,
  0.7865275706819166,
  0.9023158281907144,
  -0.9744030459807187,
  -0.1568924592547991,
  1.042370192707209,
  -0.013016292168621435,
  -0.4684524550318516,
  0.16120353070266202,
  -0.2352450314900587,
  0.3412865155314422,
  0.12359992115647084,
  0.137808914149289,
  -0.7821387111620041,
  0.5233928167375603,
  -0.9571741353251122,
  0.5671882314157038,
  -0.015744081479446503,
  -0.9090077488168719,
  0.29703329820075675,
  0.59442809864575,
  -0.35410059906807523,
  0.5095462435965569,
  -0.6563728061188631,
  -0.9839070849648293,
  0.6240862652645667,
  -0.8000454496357068,
  0.06946383249340671,
  -0.31859400582121894,
  0.7310034897403457,
  0.365442736590996,
  0.5662009231097453,
  -0.8686005790912255,
  -0.12204240345873862,
  0.2419364101726229,
  0.8562064453325613,
  -0.08962585958593894,
  0.6291814723122833,
  0.18527300684174142,
  0.792232889993592,
  -1.712873695315864,
  -0.9833110127125646,
  -0.019007444960662603,
  -0.09276373805594051,
  -0.7364229038050685,
  0.08240855977501838,
  0.7379345945006087,
  0.7657014096581539,
  0.8178268538737332,
  0.3230578801614066,
  -0.49524525897939986,
  0.16221639629437568,
  0.6696293782408441,
  0.39092834301530144,
  0.7349661749241896,
  0.5704407744422831,
  -0.6111378055588752,
  0.24390972740397432,
  -1.0136390984803068,
  0.11467448800162527,
  0.5372897318129539,
  0.03312353203270946,
  -0.4526444341722031,
  -0.3347893045618908,
  -0.8797649028993673,
  0.26649076184131615,
  -0.5394435337353454,
  0.5585612824862072,
  0.8704673200893993,
  0.12493731891779314,
  0.28591524722623474,
  -0.8171105470926894,
  -0.4609093248836382,
  0.09070093736303808,
  -0.07772694175111283,
  -0.3228248104879383,
  0.2637534278616711,
  0.647218828509752,
  0.09623771096362654,
  0.6465256694619756,
  -0.42656215121449703,
  -0.1566692081848302,
  -0.7338833829541267,
  -0.3860198280259619,
  0.6953918399238623,
  -0.12703380312422552,
  -0.5923166069186081,
  -0.6686002408223184,
  0.0812965144037307,
  -0.8844476800152281,
  0.0976171557421237,
  0.5653446415232466,
  0.4076657909192758,
  0.5038248542935511,
  -0.09634480532373907,
  0.2869183519944947,
  -0.7499574182002162,
  0.5955362884240265,
  0.07679542205331291,
  0.4466005548756544,
  -0.062253885996876764]

Last Cross Validation Set Predicted Values: 
(Predicted Value, Actual Value)
0, 0
0, 0
0, 0
0, 0
0, 0
0, 0
0, 0
0, 1
