Running data/soybean-small.data.new.txt Experiment with positive class = D1
Average Error Rate: 0.0
Standard Deviation: 0.0
Learned Linear Regression Model (Thetas) 
[ -0.4837468618936946,
  0.5436099265650778,
  0.35814540964498787,
  -0.9692799866286295,
  -0.4915663006152895,
  0.029546951916343645,
  -0.682357700207167,
  -0.353454414383674,
  0.8858743155494351,
  -0.6747837249907598,
  0.4051583775932237,
  0.23739403470501513,
  1.079853474394495,
  -0.28476031384086403,
  -0.3049583586721356,
  -0.6759002285016085,
  -0.24369871959158917,
  -0.6672376710676596,
  -1.100912452441274,
  -0.0015149767582978146,
  0.7961333410865352,
  0.19517097154318952,
  0.5988724082598065,
  -0.4152790135467485,
  0.12453553030573387,
  0.7899427837876866,
  -0.5673428291848824,
  -0.43015331636635623,
  -0.3073402185827674,
  -0.3794428324124487,
  -0.8082510517044791,
  0.23902698539546574,
  -0.13838399281473496,
  0.4230946740771022,
  0.2667203773570508,
  0.8843688067454297,
  -0.8040322122433385,
  -1.1796801818416283,
  0.10994095562139128,
  0.7915544015094471,
  -0.7623687566629704,
  0.13749253035396847,
  0.5207422497054592,
  -0.6203267740177776,
  -0.8016072526491917,
  0.1883294208433106,
  -0.1764154593402063,
  -0.17581444100624535,
  0.3851644650166088,
  0.369639529321692,
  -0.7877335917957755,
  -0.26311792785021026,
  0.07401084578336148,
  -0.04459197653032099,
  0.4443175983229273,
  -0.2642623904860153,
  -0.2203775969381987,
  -0.5234819143389382,
  0.42211840194725214,
  -0.9354148569012222,
  -0.4592801570217526,
  0.11429859403325637,
  -0.4788398923196344,
  0.9359683155641914,
  0.8178414864497023,
  0.6023250023739652,
  0.6493595250047162,
  -0.9425695258915496,
  0.9434093349420403,
  -0.8448813614439803,
  -0.395487904610041,
  0.18520908637040673,
  -0.6102881269299034,
  -0.7697600460859007,
  -0.37779114467419617,
  -0.16440773632537797,
  0.945489221115104,
  -0.048373507057162035,
  -0.46027674466503665,
  -1.107553689762934,
  0.7537792108008114,
  0.9455168135016041,
  0.10598929581192973,
  -0.3868082895739271,
  0.08085804511052563,
  -0.9328746749862227,
  0.9922358986066124,
  -0.09237112453906349,
  0.2168954876266902,
  0.07441029154595799,
  -0.5424989734428707,
  -0.4700660081981187,
  0.5345406029913231,
  0.1088027963001994,
  0.9978029036273259,
  0.06554967188843483,
  0.5759882916335421,
  0.372388884513994,
  -0.9502991039092725,
  0.7764604177030898,
  -0.8327158863423287,
  -1.1610567307833017,
  0.6289538237670413,
  -0.605706093663614,
  -0.08008946103413628,
  0.38462512900696577,
  -0.5862467174512935,
  -0.8550196110661741,
  0.21622018952651248,
  -0.42495294390173566,
  -0.2738480999063091,
  -0.822408397825179,
  0.8962697029249191,
  0.13500849104494614,
  -0.7956731256045073,
  0.5666099062628044,
  0.3206611023620917,
  -0.8255722238126588,
  -0.5451890676996809,
  -0.4667179942739625,
  -0.8939310818525315,
  -0.05747658699530878,
  -0.6615022758482225,
  -0.06486120690630215,
  -0.6188668778145359,
  -0.3986973999638312,
  1.6381929070015966,
  0.08252711681413061,
  0.602390954714789,
  -0.8459944964386932,
  -0.7475651621395742,
  -0.4320994496037715,
  1.0479785084984616,
  0.4171091361377812,
  -0.12645688802352617,
  0.3509993083465097,
  -0.5791652850746232,
  -0.5638313850906135,
  -0.7178797943376807,
  -0.08447010967440804,
  0.6314559169656955,
  -0.7710272962243099,
  -0.8818241250030268,
  -0.8986177514472904,
  0.5579766156009045,
  0.5162407947924796,
  -0.792903572029583,
  0.8734145354903444,
  -0.5295024005356626,
  0.8106972678544118,
  -0.09943695528128076,
  -0.9259402272681911,
  -0.5597009007534615,
  0.9106388852485763,
  -0.3320384154584406,
  0.20935391178799578,
  0.4106668048018043,
  -0.058762346308649516,
  -0.02368493955126222,
  -0.9092430213935561,
  0.3512413014803839,
  0.004525023843248413,
  -0.9985726212477954,
  0.16943331760782088,
  -0.9709508897240766,
  -0.3178604298319726,
  0.6045064126997926,
  -0.9347434136434059,
  0.46609722373697404,
  0.028578205675165114,
  -0.4651235560058269,
  -0.563436199651332,
  -0.014317372497413272,
  0.20782060225817162,
  0.1044298651684612,
  -0.12904198706276016,
  -0.8159058831566577,
  -0.9524462489417986,
  0.1425830894378135,
  0.22053465168569028,
  -0.6831812798767722,
  0.8409158623216604,
  0.27226495394251304,
  -0.2581169992267136,
  -0.7284559536599935,
  -0.08783809170124347,
  -0.5342307341155064,
  0.833690770134855,
  -0.17856480610972314,
  -0.27808080521911904,
  0.40806699338748365,
  0.6457195557317745,
  -0.499670638391424,
  0.3078901160672296,
  -0.7918251806249839,
  0.8184039353860535,
  0.7576962371351004,
  0.328622367397601,
  -0.5640933037610344,
  0.8931513592354698,
  0.6482418993492278,
  0.3917272369135951,
  0.14011576172277174,
  -0.2347125597001372]

Last Cross Validation Set Predicted Values: 
(Predicted Value, Actual Value)
0, 0
0, 0
0, 0
0, 0
0, 0
0, 0
0, 0
1, 1
